4.900000000000000000e+01 5.201785155743813703e-14 3.053458089486183119e-26 4.929365823641317717e-14
6.600000000000000000e+01 7.087767432383665247e-14 2.264408767739431678e-26 4.244949048966065743e-14
8.700000000000000000e+01 9.471606124901724342e-14 1.724269936747372296e-26 3.704227879451357249e-14
1.150000000000000000e+02 1.272241837970605628e-13 1.318063582366627754e-26 3.238644272246184363e-14
1.520000000000000000e+02 1.710773758771193584e-13 1.014853316696622765e-26 2.841820911541332694e-14
2.010000000000000000e+02 2.300923463547886409e-13 7.875558341864255333e-27 2.503431684424708895e-14
2.660000000000000000e+02 3.089799982868192481e-13 6.172002156402140191e-27 2.216195672729777265e-14
3.520000000000000000e+02 4.127373599133801817e-13 4.903963799480309874e-27 1.975462071808774968e-14
4.650000000000000000e+02 5.455501327184595595e-13 3.969604999744008452e-27 1.777332633233803098e-14
6.150000000000000000e+02 7.124458986854278639e-13 3.278046283427327861e-27 1.615111868712931138e-14
8.120000000000000000e+02 9.120160614733771089e-13 2.771029910497749610e-27 1.484963143837598902e-14
1.074000000000000000e+03 1.141378886872768786e-12 2.386306973572489598e-27 1.378028574773982329e-14
1.419000000000000000e+03 1.384812065634906694e-12 2.075407169839576628e-27 1.285129001323076073e-14
1.876000000000000000e+03 1.620919703027103552e-12 1.784928105015988616e-27 1.191805627979966021e-14
2.479000000000000000e+03 1.818173128946148217e-12 1.475969450313569044e-27 1.083761583259971748e-14
3.277000000000000000e+03 1.944227039842571045e-12 1.134921534873850917e-27 9.503377617894973437e-15
4.331000000000000000e+03 1.972213771332024581e-12 7.874023949224311507e-28 7.915774862712482005e-15
5.725000000000000000e+03 1.890727375869769571e-12 4.810901250163758069e-28 6.187401371700970353e-15
7.566000000000000000e+03 1.708331232942094430e-12 2.555164534353513426e-28 4.509251967097551267e-15
1.000000000000000000e+04 1.451370985704875767e-12 1.175516876559221989e-28 3.058507165206136249e-15
