4.900000000000000000e+01 4.686680500587156204e-14 2.745680516838723085e-26 4.674337527425639481e-14
6.600000000000000000e+01 6.380810812743566537e-14 2.035942000105118122e-26 4.025110142375793709e-14
8.700000000000000000e+01 8.519195479072467693e-14 1.550090201140009665e-26 3.512154023884365605e-14
1.150000000000000000e+02 1.143061676420358005e-13 1.184696112112494763e-26 3.070425396459371572e-14
1.520000000000000000e+02 1.535066278172113816e-13 9.119267345714252114e-27 2.693860125773915554e-14
2.010000000000000000e+02 2.061432956806078702e-13 7.074178525886518726e-27 2.372646708540250651e-14
2.660000000000000000e+02 2.763231745321239900e-13 5.540968447311846548e-27 2.099848230117958762e-14
3.520000000000000000e+02 3.683520123152619947e-13 4.399043100540827314e-27 1.871001676008562933e-14
4.650000000000000000e+02 4.857492342424781205e-13 3.556605605546448285e-27 1.682336712360312297e-14
6.150000000000000000e+02 6.326968495158541957e-13 2.931635246581482532e-27 1.527390324762911657e-14
8.120000000000000000e+02 8.076293782143599493e-13 2.471547532811236225e-27 1.402424698394688608e-14
1.074000000000000000e+03 1.007642434163425564e-12 2.120310830501513091e-27 1.298957177057037784e-14
1.419000000000000000e+03 1.218636674417066925e-12 1.834931867370583402e-27 1.208384204069364852e-14
1.876000000000000000e+03 1.421741365286792221e-12 1.568727172904302741e-27 1.117297372972598987e-14
2.479000000000000000e+03 1.589648889688067568e-12 1.288785847600308536e-27 1.012710813195127283e-14
3.277000000000000000e+03 1.694850114847882150e-12 9.845808274529292538e-28 8.851579112300871705e-15
4.331000000000000000e+03 1.715123273192846983e-12 6.790847536492571298e-28 7.351180018256296005e-15
5.725000000000000000e+03 1.641885412486969039e-12 4.129763657112330002e-28 5.732679564700482904e-15
7.566000000000000000e+03 1.483585653085435036e-12 2.187724533564341240e-28 4.172452358267113742e-15
1.000000000000000000e+04 1.263243062692134233e-12 1.007263093051415456e-28 2.831173787081645290e-15
