k_array Pk[0,:]
1.000000000000000048e-04 1.414447038762969214e+03
1.010663698204621069e-04 1.428761120405611564e+03
1.021441110868641573e-04 1.443219823201316558e+03
1.032333450608736655e-04 1.457824599510026928e+03
1.043341942972563380e-04 1.472576916122300645e+03
1.054467826576645819e-04 1.487478254400395599e+03
1.065712353245741920e-04 1.502530110420809933e+03
1.077076788153691128e-04 1.517733995118084977e+03
1.088562409965763625e-04 1.533091434430036770e+03
1.100170510982533554e-04 1.548603969444385029e+03
1.111902397285275133e-04 1.564273156546729979e+03
1.123759388882920033e-04 1.580100567570002340e+03
1.135742819860576940e-04 1.596087789945318036e+03
1.147854038529634335e-04 1.612236426854245337e+03
1.160094407579469926e-04 1.628548097382577453e+03
1.172465304230766180e-04 1.645024436675537800e+03
1.184968120390472360e-04 1.661667096094469116e+03
1.197604262808413467e-04 1.678477743375033924e+03
1.210375153235568980e-04 1.695458062786903611e+03
1.223282228584045262e-04 1.712609755294981824e+03
1.236326941088741760e-04 1.729934538722178104e+03
1.249510758470754636e-04 1.747434147913680363e+03
1.262835164102514042e-04 1.765110334902840123e+03
1.276301657174684981e-04 1.782964869078673246e+03
1.289911752864853715e-04 1.800999537354823815e+03
1.303666982507998228e-04 1.819216144340283563e+03
1.317568893768792618e-04 1.837616512511647898e+03
1.331619050815739723e-04 1.856202482387024247e+03
1.345819034497161256e-04 1.874975912701615243e+03
1.360170442519073640e-04 1.893938680584544727e+03
1.374674889624943040e-04 1.913092680261016767e+03
1.389334007777374329e-04 1.932439819827356132e+03
1.404149446341729137e-04 1.951982025077190883e+03
1.419122872271701683e-04 1.971721240621876404e+03
1.434255970296882232e-04 1.991659430068729534e+03
1.449550443112304090e-04 2.011798576200866819e+03
1.465008011570028638e-04 2.032140681158672351e+03
1.480630414872763508e-04 2.052687766622922027e+03
1.496419410769548068e-04 2.073441873999539439e+03
1.512376775753531408e-04 2.094405064606031829e+03
1.528504305261845289e-04 2.115579419859597238e+03
1.544803813877621630e-04 2.136967041466934006e+03
1.561277135534160250e-04 2.158570051615773082e+03
1.577926123721270428e-04 2.180390593168084706e+03
1.594752651693821528e-04 2.202430829855096363e+03
1.611758612682503771e-04 2.224692946474019664e+03
1.628945920106848755e-04 2.247179149086519374e+03
1.646316507790517307e-04 2.269891665219030983e+03
1.663872330178879351e-04 2.292832744064832696e+03
1.681615362558926694e-04 2.316004656687915485e+03
1.699547601281509537e-04 2.339409696228745361e+03
1.717671063985963379e-04 2.363050178111787318e+03
1.735987789827120082e-04 2.386928440254944235e+03
1.754499839704743748e-04 2.411046843280847042e+03
1.773209296495409587e-04 2.435407770730044831e+03
1.792118265286865326e-04 2.460013629276075790e+03
1.811228873614873544e-04 2.484866848942493107e+03
1.830543271702598368e-04 2.509969883321799898e+03
1.850063632702532716e-04 2.535325209796333638e+03
1.869792152941017601e-04 2.560935329761150570e+03
1.889731052165349423e-04 2.586802768848873257e+03
1.909882573793541931e-04 2.612930076401081806e+03
1.930248985166741231e-04 2.639319816862460357e+03
1.950832577804335573e-04 2.665974572607594837e+03
1.971635667661782154e-04 2.692896950346961148e+03
1.992660595391194023e-04 2.720089581467123026e+03
2.013909726604686283e-04 2.747555122249952092e+03
2.035385452140549896e-04 2.775296254093720563e+03
2.057090188332253084e-04 2.803315683735846960e+03
2.079026377280313151e-04 2.831616143477498554e+03
2.101196487127077227e-04 2.860200391409956865e+03
2.123603012334410569e-04 2.889071211642764865e+03
2.146248473964369123e-04 2.918231414533705447e+03
2.169135419962853650e-04 2.947683836920554768e+03
2.192266425446289587e-04 2.977431342354757362e+03
2.215644092991372210e-04 3.007476821336867943e+03
2.239271052927883899e-04 3.037823191553816741e+03
2.263149963634650968e-04 3.068473398118226669e+03
2.287283511838650112e-04 3.099430413809292986e+03
2.311674412917301045e-04 3.130697239315966726e+03
2.336325411203996028e-04 3.162276903481611498e+03
2.361239280296862763e-04 3.194172463550913108e+03
2.386418823370845205e-04 3.226387005418509489e+03
2.411866873493099064e-04 3.258923643879655174e+03
2.437586293941750222e-04 3.291785522882802979e+03
2.463579978528065680e-04 3.324975815784176575e+03
2.489850851922036220e-04 3.358497725604303923e+03
2.516401869981451820e-04 3.392354485286476574e+03
2.543236020084477960e-04 3.426549357957310349e+03
2.570356321465780522e-04 3.461085637189248700e+03
2.597765825556229099e-04 3.495966647265147458e+03
2.625467616326239428e-04 3.531195743444792242e+03
2.653464810632748445e-04 3.566776312168716686e+03
2.681760558569918447e-04 3.602711760633191716e+03
2.710358043823563870e-04 3.639005504538594323e+03
2.739260484029363012e-04 3.675660987366085465e+03
2.768471131134896449e-04 3.712681683418629746e+03
2.797993271765525152e-04 3.750071098062186138e+03
2.827830227594193419e-04 3.787832767968757707e+03
2.857985355715162573e-04 3.825970261360595941e+03
2.888462049021732914e-04 3.864487178255766594e+03
2.919263736588002681e-04 3.903387150715317603e+03
2.950393884054671638e-04 3.942673843091632989e+03
2.981855994018990652e-04 3.982350952278264685e+03
3.013653606428849663e-04 4.022422207961380082e+03
3.045790298981071822e-04 4.062891372872115880e+03
3.078269687523968543e-04 4.103762243040872818e+03
3.111095426464157636e-04 4.145038648052599456e+03
3.144271209177748605e-04 4.186724451303763999e+03
3.177800768425899456e-04 4.228823550260556658e+03
3.211687876774803004e-04 4.271339876718578125e+03
3.245936347020169917e-04 4.314277397063759054e+03
3.280550032616203599e-04 4.357640112535051230e+03
3.315532828109182405e-04 4.401432059488058258e+03
3.350888669575652953e-04 4.445657309660246028e+03
3.386621535065288766e-04 4.490319970437905795e+03
3.422735445048495553e-04 4.535424185123759344e+03
3.459234462868752275e-04 4.580974133206620536e+03
3.496122695199809448e-04 4.626974030632175527e+03
3.533404292507746837e-04 4.673428130075117224e+03
3.571083449517958842e-04 4.720340721212727658e+03
3.609164405687135353e-04 4.767716130999840971e+03
3.647651445680244030e-04 4.815558723945191559e+03
3.686548899852627845e-04 4.863872902389171941e+03
3.725861144737234692e-04 4.912663101265721707e+03
3.765592603537032748e-04 4.961933751985838171e+03
3.805747746622705342e-04 5.011689303656693482e+03
3.846331092035606926e-04 5.061934241535381261e+03
3.887347205996125412e-04 5.112673087338719597e+03
3.928800703417444930e-04 5.163910399461294219e+03
3.970696248424788132e-04 5.215650773193974601e+03
4.013038554880211245e-04 5.267898840942220886e+03
4.055832386912962707e-04 5.320659272444453563e+03
4.099082559455530608e-04 5.373936774990643244e+03
4.142793938785390329e-04 5.427736093640673062e+03
4.186971443072527179e-04 5.482062011442765652e+03
4.231620042932819690e-04 5.536919349652169331e+03
4.276744761987281399e-04 5.592312967949070298e+03
4.322350677427308019e-04 5.648247764657196967e+03
4.368442920585932187e-04 5.704728676961762176e+03
4.415026677515169790e-04 5.761760681127523640e+03
4.462107189569542993e-04 5.819348792716536082e+03
4.509689753995782687e-04 5.877498066805733288e+03
4.557779724528865915e-04 5.936213598204431037e+03
4.606382511994382882e-04 5.995500521671288880e+03
4.655503584917331113e-04 6.055364012131256459e+03
4.705148470137421324e-04 6.115809284892096912e+03
4.755322753430901521e-04 6.176841595860364578e+03
4.806032080139056536e-04 6.238466241757493663e+03
4.857282155803386778e-04 6.300688560335061084e+03
4.909078746807560550e-04 6.363513930589638221e+03
4.961427681026235863e-04 6.426947772977453496e+03
5.014334848480753387e-04 6.490995549628317349e+03
5.067806202001866409e-04 6.555662764559087918e+03
5.121847757899521906e-04 6.620954963886541009e+03
5.176465596639772413e-04 6.686877734986471296e+03
5.231665863528943373e-04 6.753436658324173550e+03
5.287454769405034284e-04 6.820637285155171412e+03
5.343838591336554219e-04 6.888485199559539979e+03
5.400823673328775457e-04 6.956986023605843911e+03
5.458416427037521236e-04 7.026145417436716343e+03
5.516623332490594965e-04 7.095969079351310029e+03
5.575450938816846553e-04 7.166462745884994547e+03
5.634905864983061254e-04 7.237632191885550128e+03
5.694994800538689473e-04 7.309483230586719401e+03
5.755724506368515084e-04 7.382021713678074775e+03
5.817101815453370713e-04 7.455253531371928148e+03
5.879133633638919474e-04 7.529184612466660838e+03
5.941826940412682067e-04 7.603820924406953964e+03
6.005188789689330916e-04 7.679168473340038872e+03
6.069226310604345677e-04 7.755233304168875293e+03
6.133946708316176475e-04 7.832021500601580556e+03
6.199357264816888861e-04 7.909539185196812468e+03
6.265465339751522499e-04 7.987792519406029896e+03
6.332278371246146233e-04 8.066787703611176767e+03
6.399803876744759173e-04 8.146530977159293798e+03
6.468049453855128847e-04 8.227028618392290809e+03
6.537022781203604381e-04 8.308286944673287508e+03
6.606731619299093363e-04 8.390312312408654179e+03
6.677183811406226226e-04 8.473111117065647704e+03
6.748387284427837191e-04 8.556689793185909366e+03
6.820350049796878840e-04 8.641054814395078211e+03
6.893080204377785526e-04 8.726212693406945618e+03
6.966585931377518694e-04 8.812169982023993725e+03
7.040875501266287634e-04 8.898933271133042581e+03
7.115957272708094182e-04 8.986509190696233418e+03
7.191839693501232570e-04 9.074904409737167953e+03
7.268531301528744415e-04 9.164125597543239564e+03
7.346040725719089068e-04 9.254179276673427012e+03
7.424376687017014134e-04 9.345071945224648516e+03
7.503547999364780117e-04 9.436810129095876619e+03
7.583563570693895332e-04 9.529400381698942510e+03
7.664432403927333957e-04 9.622849283652767554e+03
7.746163597992533232e-04 9.717163442468880021e+03
7.828766348845148104e-04 9.812349492226536313e+03
7.912249950503718373e-04 9.908414093238749047e+03
7.996623796095418549e-04 1.000536393170839074e+04
8.081897378912871995e-04 1.010320571937460045e+04
8.168080293482317747e-04 1.020194619314897318e+04
8.255182236643125683e-04 1.030159211474146286e+04
8.343213008638829167e-04 1.040215027027671385e+04
8.432182514219822627e-04 1.050362746989935476e+04
8.522100763757746835e-04 1.060603054736930972e+04
8.612977874371830758e-04 1.070936635964594825e+04
8.704824071067210605e-04 1.081364178646232358e+04
8.797649687885384338e-04 1.091886372988789299e+04
8.891465169066972967e-04 1.102503911388065353e+04
8.986281070226803799e-04 1.113217488382817646e+04
9.082108059541601879e-04 1.124027800607723839e+04
9.178956918950311296e-04 1.134935546745240936e+04
9.276838545367206831e-04 1.145941427476318131e+04
9.375763951908008429e-04 1.157046145429945136e+04
9.475744269128911785e-04 1.168250405131546722e+04
9.576790746279071698e-04 1.179554912950191283e+04
9.678914752566199946e-04 1.190960377044610686e+04
9.782127778435810005e-04 1.202467507308054337e+04
9.886441436864101037e-04 1.214077015311856121e+04
9.991867464664470292e-04 1.225789614247843383e+04
1.009841772380822532e-03 1.237606017741627875e+04
1.020610420275911432e-03 1.249526917093976772e+04
1.031493901782224278e-03 1.261552981351857852e+04
1.042493441450737966e-03 1.273684878181680324e+04
1.053610276890664440e-03 1.285923274632614084e+04
1.064845658908713860e-03 1.298268837029487440e+04
1.076200851649817321e-03 1.310722230863854384e+04
1.087677132739366158e-03 1.323284120683235233e+04
1.099275793426967391e-03 1.335955169978488993e+04
1.110998138731716847e-03 1.348736041069242492e+04
1.122845487589047833e-03 1.361627394987598564e+04
1.134819172999118088e-03 1.374629891359784233e+04
1.146920542176797222e-03 1.387744188285963719e+04
1.159150956703252277e-03 1.400970942218196615e+04
1.171511792679132266e-03 1.414310807836423010e+04
1.184004440879417178e-03 1.427764437922465004e+04
1.196630306909886570e-03 1.441332483232229424e+04
1.209390811365275605e-03 1.455015592365871089e+04
1.222287389989117892e-03 1.468814411636026489e+04
1.235321493835274701e-03 1.482729584934072409e+04
1.248494589431215808e-03 1.496761753594510265e+04
1.261808158943012728e-03 1.510911556257256052e+04
1.275263700342108312e-03 1.525179628728047646e+04
1.288862727573866166e-03 1.539566603836844661e+04
1.302606770727897509e-03 1.554073111294203045e+04
1.316497376210235947e-03 1.568699777545762481e+04
1.330536106917317449e-03 1.583447225624648490e+04
1.344724542411833814e-03 1.598316075001896024e+04
1.359064279100462248e-03 1.613306941434918917e+04
1.373556930413469095e-03 1.628420436813969900e+04
1.388204126986264256e-03 1.643657169006518598e+04
1.403007516842855141e-03 1.659017741689797185e+04
1.417968765581280799e-03 1.674502739221543015e+04
1.433089556561020382e-03 1.690112695431192697e+04
1.448371591092379850e-03 1.705848128628072664e+04
1.463816588627936052e-03 1.721709549662684731e+04
1.479426286955982245e-03 1.737697461707095499e+04
1.495202442396062655e-03 1.753812360032895594e+04
1.511146829996588272e-03 1.770054731786816046e+04
1.527261243734540173e-03 1.786425055763835917e+04
1.543547496717339500e-03 1.802923802177983816e+04
1.560007421386831652e-03 1.819551432430707791e+04
1.576642869725468571e-03 1.836308398877004220e+04
1.593455713464690454e-03 1.853195144589005940e+04
1.610447844295505348e-03 1.870212103117487641e+04
1.627621174081355336e-03 1.887359698250925067e+04
1.644977635073210107e-03 1.904638343772373264e+04
1.662519180126980495e-03 1.922048443213960491e+04
1.680247782923250483e-03 1.939590389609370686e+04
1.698165438189326148e-03 1.957264565243905236e+04
1.716274161923695210e-03 1.975071341402563849e+04
1.734575991622838665e-03 1.993011078115877535e+04
1.753072986510484247e-03 2.011084123903619911e+04
1.771767227769307585e-03 2.029290815516536168e+04
1.790660818775075859e-03 2.047631477675955102e+04
1.809755885333333035e-03 2.066106422811370430e+04
1.829054575918564671e-03 2.084715950796128891e+04
1.848559061915941611e-03 2.103460348681131291e+04
1.868271537865630848e-03 2.122339890426597776e+04
1.888194221709711294e-03 2.141354836632085426e+04
1.908329355041733268e-03 2.160505434264548239e+04
1.928679203358917580e-03 2.179791916384769138e+04
1.949246056317066210e-03 2.199214501871917309e+04
1.970032227988179150e-03 2.218773390024430410e+04
1.991040057120820571e-03 2.238468706044419014e+04
2.012271907403268782e-03 2.258300519742274628e+04
2.033730167729454544e-03 2.278268881338858773e+04
2.055417252467754956e-03 2.298373821719248735e+04
2.077335601732642478e-03 2.318615352085262930e+04
2.099487681659232240e-03 2.338993463606543810e+04
2.121875984680765808e-03 2.359508127070253613e+04
2.144503029809034875e-03 2.380159292529593949e+04
2.167371362917814258e-03 2.400946888951334404e+04
2.190483557029308109e-03 2.421870823862078760e+04
2.213842212603651417e-03 2.442930982993787984e+04
2.237449957831507547e-03 2.464127229928407905e+04
2.261309448929764866e-03 2.485459405741714363e+04
2.285423370440410086e-03 2.506927328646659953e+04
2.309794435532574845e-03 2.528530793636104499e+04
2.334425386307804971e-03 2.550269572125174091e+04
2.359318994108597529e-03 2.572143411593402561e+04
2.384478059830201762e-03 2.594152035226519365e+04
2.409905414235771499e-03 2.616295141558405157e+04
2.435603918274864294e-03 2.638572404112977893e+04
2.461576463405337582e-03 2.660983471046304476e+04
2.487825971918690860e-03 2.683527964789023463e+04
2.514355397268849997e-03 2.706205481689235239e+04
2.541167724404485174e-03 2.729015591655960452e+04
2.568265970104858555e-03 2.751957837803341681e+04
2.595653183319252856e-03 2.775031736095604720e+04
2.623332445510033299e-03 2.798236774993163272e+04
2.651306870999342938e-03 2.821572415099669888e+04
2.679579607319518535e-03 2.845038088810543195e+04
2.708153835567230893e-03 2.868633199962798244e+04
2.737032770761404273e-03 2.892357122878789596e+04
2.766219662204964791e-03 2.916209125250241777e+04
2.795717793850404764e-03 2.940188289348850594e+04
2.825530484669314373e-03 2.964293641903608659e+04
2.855661089025785231e-03 2.988524207200404635e+04
2.886112997053832865e-03 3.012879078937343729e+04
2.916889635038852433e-03 3.037357335813204918e+04
2.947994465803091199e-03 3.061958023092680378e+04
2.979430989095308620e-03 3.086680156158483078e+04
3.011202741984516946e-03 3.111522716743469573e+04
3.043313299257964510e-03 3.136484639348920609e+04
3.075766273823364334e-03 3.161564739008745164e+04
3.108565317115365417e-03 3.186761755869214903e+04
3.141714119506436309e-03 3.212074392656116106e+04
3.175216410722049923e-03 3.237501348992101703e+04
3.209075960260346968e-03 3.263041308405936797e+04
3.243296577816271072e-03 3.288692913412124472e+04
3.277882113710181219e-03 3.314454732494655036e+04
3.312836459321111954e-03 3.340325261286843306e+04
3.348163547524578114e-03 3.366302951877918531e+04
3.383867353135090218e-03 3.392386230194194650e+04
3.419951893353396534e-03 3.418573501989497163e+04
3.456421228218436222e-03 3.444863131460694422e+04
3.493279461064203485e-03 3.471253369647006184e+04
3.530530738981393912e-03 3.497742284028440918e+04
3.568179253284026013e-03 3.524327876219048630e+04
3.606229239981040974e-03 3.551008156306144519e+04
3.644684980252874996e-03 3.577781259240135114e+04
3.683550800933207189e-03 3.604645307572452293e+04
3.722831074995749424e-03 3.631598310946239508e+04
3.762530222046285480e-03 3.658637921009007550e+04
3.802652708819957272e-03 3.685761646283070149e+04
3.843203049683794302e-03 3.712967032066767570e+04
3.884185807144701838e-03 3.740252230130320095e+04
3.925605592362766023e-03 3.767615637692858581e+04
3.967467065670091456e-03 3.795055421014589956e+04
4.009774937095174699e-03 3.822567426285037072e+04
4.052533966892807663e-03 3.850145958953491208e+04
4.095748966079728118e-03 3.877785531285091565e+04
4.139424796975891586e-03 3.905487838961621310e+04
4.183566373751563226e-03 3.933261365822791413e+04
4.228178662980255735e-03 3.961114799682152807e+04
4.273266684197491588e-03 3.989044520047152037e+04
4.318835510465635075e-03 4.017030073125180206e+04
4.364890268944641473e-03 4.045049375416769180e+04
4.411436141468950620e-03 4.073089692493135954e+04
4.458478365130537878e-03 4.101157370144615561e+04
4.506022232868118170e-03 4.129261207243170065e+04
4.554073094062737262e-03 4.157406682505216304e+04
4.602636355139607185e-03 4.185588942149617651e+04
4.651717480176428658e-03 4.213801123576356622e+04
4.701321991518195298e-03 4.242036837859013758e+04
4.751455470398489173e-03 4.270292349900094996e+04
4.802123557567514883e-03 4.298564641858050163e+04
4.853331953926716055e-03 4.326850559911833261e+04
4.905086421170230110e-03 4.355146243742531806e+04
4.957392782433179580e-03 4.383447493021309492e+04
5.010256922946808647e-03 4.411750012940154556e+04
5.063684790700727703e-03 4.440049138679807947e+04
5.117682397112089873e-03 4.468339941574728437e+04
5.172255817701990055e-03 4.496617489813126303e+04
5.227411192779065664e-03 4.524878300521285564e+04
5.283154728130314698e-03 4.553120242492826947e+04
5.339492695719413873e-03 4.581341105709325348e+04
5.396431434392344288e-03 4.609533603431664960e+04
5.453977350590629054e-03 4.637683614333385776e+04
5.512136919072172479e-03 4.665776335178630688e+04
5.570916683639702549e-03 4.693804555828199955e+04
5.630323257877125481e-03 4.721776244559208135e+04
5.690363325893586788e-03 4.749701367606054555e+04
5.751043643075553699e-03 4.777584551378346077e+04
5.812371036846922419e-03 4.805414256875435967e+04
5.874352407437132863e-03 4.833175790643920482e+04
5.936994728657631754e-03 4.860855950742262939e+04
6.000305048686463763e-03 4.888449142839901469e+04
6.064290490861314227e-03 4.915951883985752647e+04
6.128958254481019045e-03 4.943360425552760717e+04
6.194315615615520083e-03 4.970669249403466529e+04
6.260369927924615621e-03 4.997872049296753539e+04
6.327128623485289878e-03 5.024962405568518443e+04
6.394599213627950342e-03 5.051933347980107646e+04
6.462789289781592852e-03 5.078777530377275252e+04
6.531706524327875359e-03 5.105487645013732981e+04
6.601358671464462036e-03 5.132058678206826880e+04
6.671753568077418324e-03 5.158487733905428468e+04
6.742899134622993423e-03 5.184771908081157017e+04
6.814803376018820601e-03 5.210904196159706771e+04
6.887474382544511893e-03 5.236872125146092003e+04
6.960920330752025376e-03 5.262662716074260243e+04
7.035149484385576878e-03 5.288265887027383724e+04
7.110170195311453500e-03 5.313677343728484266e+04
7.185990904457754090e-03 5.338893467303954094e+04
7.262620142764036717e-03 5.363909441570836498e+04
7.340066532141274747e-03 5.388716946076797467e+04
7.418338786441869108e-03 5.413306972945490270e+04
7.497445712440113132e-03 5.437670764408644754e+04
7.577396210823112571e-03 5.461800907851914963e+04
7.658199277192162535e-03 5.485690342728554242e+04
7.739864003074987259e-03 5.509331706030184432e+04
7.822399576948590311e-03 5.532715720833867090e+04
7.905815285273117693e-03 5.555832269808622368e+04
7.990120513536759853e-03 5.578671395950416627e+04
8.075324747311658780e-03 5.601225568406077946e+04
8.161437573321298974e-03 5.623488772275611700e+04
8.248468680519052687e-03 5.645454910765726527e+04
8.336427861178368620e-03 5.667115660806331289e+04
8.425325011994579810e-03 5.688460672007425455e+04
8.515170135198327217e-03 5.709479501405128394e+04
8.605973339681084744e-03 5.730162503597520117e+04
8.697744842132459561e-03 5.750501100213911559e+04
8.790494968189760394e-03 5.770486782172203675e+04
8.884234153599776529e-03 5.790110879927228234e+04
8.978972945392942745e-03 5.809364417343176319e+04
9.074722003070070583e-03 5.828238388261946238e+04
9.171492099801644218e-03 5.846723580464643601e+04
9.269294123639996649e-03 5.864810179486322886e+04
9.368139078744361012e-03 5.882488271275778970e+04
9.468038086618999968e-03 5.899748035153752426e+04
9.569002387364562365e-03 5.916580019174503104e+04
9.671043340942717462e-03 5.932974895570404624e+04
9.774172428454342559e-03 5.948923346106112876e+04
9.878401253431307386e-03 5.964415916530560935e+04
9.983741543142040861e-03 5.979443124589891522e+04
1.009020514991104504e-02 5.993995504098009405e+04
1.019780405245241002e-02 6.008063278450242797e+04
1.030655035721762640e-02 6.021636506058851228e+04
1.041645629975772487e-02 6.034705317448635469e+04
1.052753424609995450e-02 6.047260137809920707e+04
1.063979669413917840e-02 6.059291670950184198e+04
1.075325627504400416e-02 6.070790706665883044e+04
1.086792575467802197e-02 6.081747816915427393e+04
1.098381803503613828e-02 6.092153269654840551e+04
1.110094615569622717e-02 6.101997409383372724e+04
1.121932329528631950e-02 6.111270722596695850e+04
1.133896277296732834e-02 6.119963873843623151e+04
1.145987804993168699e-02 6.128067660293880908e+04
1.158208273091792043e-02 6.135573033806234889e+04
1.170559056574137051e-02 6.142471147178222600e+04
1.183041545084129696e-02 6.148753312881479360e+04
1.195657143084435589e-02 6.154410900489643973e+04
1.208407270014487563e-02 6.159435013695549424e+04
1.221293360450192121e-02 6.163816811136250180e+04
1.234316864265339389e-02 6.167547673359997862e+04
1.247479246794739108e-02 6.170619455742715218e+04
1.260781988999086327e-02 6.173024327140484093e+04
1.274226587631594604e-02 6.174754656158345460e+04
1.287814555406402092e-02 6.175802973234349338e+04
1.301547421168773068e-02 6.176161998241664696e+04
1.315426730067119701e-02 6.175824673065764364e+04
1.329454043726847196e-02 6.174784078574599698e+04
1.343630940426063410e-02 6.173033453892992111e+04
1.357959015273158161e-02 6.170566289828014123e+04
1.372439880386274250e-02 6.167376458143477794e+04
1.387075165074699856e-02 6.163458253109041107e+04
1.401866516022181458e-02 6.158806253996725718e+04
1.416815597472205653e-02 6.153415429344709264e+04
1.431924091415249373e-02 6.147281238138841582e+04
1.447193697778026422e-02 6.140399455410397059e+04
1.462626134614760862e-02 6.132766196345091157e+04
1.478223138300484296e-02 6.124377994321558072e+04
1.493986463726408587e-02 6.115231713798845158e+04
1.509917884497376239e-02 6.105324633650451869e+04
1.526019193131414667e-02 6.094654769225728523e+04
1.542292201261427458e-02 6.083220570784877782e+04
1.558738739839020220e-02 6.071020847384198714e+04
1.575360659340514780e-02 6.058054942096598825e+04
1.592159829975155205e-02 6.044322613986795477e+04
1.609138141895530977e-02 6.029824023312653298e+04
1.626297505410248187e-02 6.014560344881640776e+04
1.643639851198871321e-02 5.998533493580203503e+04
1.661167130529144290e-02 5.981745735840894486e+04
1.678881315476543623e-02 5.964199919435547054e+04
1.696784399146162789e-02 5.945899439943756443e+04
1.714878395896965099e-02 5.926848047068106098e+04
1.733165341568435394e-02 5.907050500344880857e+04
1.751647293709630154e-02 5.886512741898040986e+04
1.770326331810690920e-02 5.865241076737334515e+04
1.789204557536814080e-02 5.843242491752560454e+04
1.808284094964717620e-02 5.820524973401276657e+04
1.827567090821637791e-02 5.797096860490894323e+04
1.847055714726857090e-02 5.772967082996500540e+04
1.866752159435825301e-02 5.748145721716852131e+04
1.886658641086873603e-02 5.722643246673561225e+04
1.906777399450562682e-02 5.696470707944705646e+04
1.927110698181695725e-02 5.669640862600994296e+04
1.947660825074002192e-02 5.642167037448362680e+04
1.968430092317554822e-02 5.614062899603084225e+04
1.989420836758923686e-02 5.585343450700101675e+04
2.010635420164103709e-02 5.556024278091172891e+04
2.032076229484255231e-02 5.526121205411216943e+04
2.053745677124259664e-02 5.495651672477416287e+04
2.075646201214158271e-02 5.464634061711439426e+04
2.097780265883474396e-02 5.433086820087504748e+04
2.120150361538463216e-02 5.401029479696359340e+04
2.142759005142327866e-02 5.368482468735161092e+04
2.165608740498399867e-02 5.335466183360390278e+04
2.188702138536364680e-02 5.302002307191913133e+04
2.212041797601525112e-02 5.268114121680311655e+04
2.235630343747153220e-02 5.233824798285200814e+04
2.259470431029966114e-02 5.199157964142891433e+04
2.283564741808735005e-02 5.164138257718880050e+04
2.307915987046096906e-02 5.128790126965999661e+04
2.332526906613576964e-02 5.093138810823483800e+04
2.357400269599860265e-02 5.057212278656407580e+04
2.382538874622365521e-02 5.021038533762432053e+04
2.407945550142116115e-02 4.984644698320641328e+04
2.433623154781992121e-02 4.948055880613430782e+04
2.459574577648365040e-02 4.911296306714011735e+04
2.485802738656163469e-02 4.874391684837848152e+04
2.512310588857413415e-02 4.837379902150867565e+04
2.539101110773262643e-02 4.800302944668431883e+04
2.566177318729567086e-02 4.763198329246936919e+04
2.593542259196043170e-02 4.726067843609736883e+04
2.621199011129038414e-02 4.688892905636301293e+04
2.649150686317969586e-02 4.651656744277936377e+04
2.677400429735429452e-02 4.614367558682536765e+04
2.705951419891050938e-02 4.577054299314327363e+04
2.734806869189135292e-02 4.539746329436380620e+04
2.763970024290090047e-02 4.502490640581423941e+04
2.793444166475739232e-02 4.465355780061006226e+04
2.823232612018495777e-02 4.428409415750757034e+04
2.853338712554505385e-02 4.391703499581835058e+04
2.883765855460748706e-02 4.355263644900063809e+04
2.914517464236170141e-02 4.319111964708993037e+04
2.945596998886882562e-02 4.283271931359020527e+04
2.977007956315450010e-02 4.247771999061250972e+04
3.008753870714353865e-02 4.212640592565904808e+04
3.040838313963637254e-02 4.177904024736778229e+04
3.073264896032791224e-02 4.143583112119158613e+04
3.106037265386941276e-02 4.109696718669360416e+04
3.139159109397334640e-02 4.076262398430755275e+04
3.172634154756234781e-02 4.043293206425710378e+04
3.206466167896228348e-02 4.010800168123967887e+04
3.240658955413999037e-02 3.978793376095274289e+04
3.275216364498636373e-02 3.947277618469193112e+04
3.310142283364485988e-02 3.916254579102621210e+04
3.345440641688640637e-02 3.885725545917249110e+04
3.381115411053082359e-02 3.855687882825349516e+04
3.417170605391545851e-02 3.826135710281923093e+04
3.453610281441140545e-02 3.797062973771410179e+04
3.490438539198805618e-02 3.768457775758297794e+04
3.527659522382600027e-02 3.740301131424159394e+04
3.565277418897946221e-02 3.712574133365516172e+04
3.603296461308824056e-02 3.685262752060879575e+04
3.641720927313997491e-02 3.658361256050060183e+04
3.680555140228326805e-02 3.631864826880380133e+04
3.719803469469188523e-02 3.605749367785033974e+04
3.759470331048110625e-02 3.579939109101416398e+04
3.799560188067634819e-02 3.554351629046351445e+04
3.840077551223478047e-02 3.528950270921873744e+04
3.881026979312065389e-02 3.503878522157400585e+04
3.922413079743441999e-02 3.479321920688128739e+04
3.964240509059684114e-02 3.455409799849858973e+04
4.006513973458830646e-02 3.431943466564866685e+04
4.049238229324388788e-02 3.408602468108126050e+04
4.092418083760518410e-02 3.385099478335111780e+04
4.136058395132874432e-02 3.361406945836843806e+04
4.180164073615261211e-02 3.337644708417460788e+04
4.224740081742094089e-02 3.313925815719061211e+04
4.269791434966753452e-02 3.290265968714683549e+04
4.315323202225915256e-02 3.266600513090640015e+04
4.361340506509851778e-02 3.242864131750949673e+04
4.407848525438862186e-02 3.218993984474621539e+04
4.454852491845826684e-02 3.194941166130273996e+04
4.502357694364970270e-02 3.170670528511605517e+04
4.550369478026932563e-02 3.146148766224457358e+04
4.598893244860131208e-02 3.121343195387152082e+04
4.647934454498590245e-02 3.096211961243808400e+04
4.697498624796223737e-02 3.070706748045737550e+04
4.747591332447668316e-02 3.044781087735696565e+04
4.798218213615765282e-02 3.018391507514264595e+04
4.849384964565680439e-02 2.991502107962117952e+04
4.901097342305835852e-02 2.964081139465896922e+04
4.953361165235656283e-02 2.936098966281741741e+04
5.006182313800214279e-02 2.907535768964657836e+04
5.059566731151891872e-02 2.878388576007728261e+04
5.113520423819037375e-02 2.848657445321046544e+04
5.168049462381809483e-02 2.818340610310581906e+04
5.223159982155203829e-02 2.787413484969072670e+04
5.278858183879355653e-02 2.755842547685954196e+04
5.335150334417240042e-02 2.723598110396339689e+04
5.392042767459748892e-02 2.690679065913024533e+04
5.449541884238350009e-02 2.657116359995180756e+04
5.507654154245309602e-02 2.622943188397759877e+04
5.566386115961603764e-02 2.588198302664078437e+04
5.625744377592611922e-02 2.552931958585348184e+04
5.685735617811603360e-02 2.517195232433213823e+04
5.746366586511211794e-02 2.481044250580230073e+04
5.807644105562886211e-02 2.444552521921457810e+04
5.869575069584449800e-02 2.407794698036632326e+04
5.932166446715866209e-02 2.370846480880002855e+04
5.995425279403224228e-02 2.333793561881342612e+04
6.059358685191135879e-02 2.296720353647003139e+04
6.123973857523564573e-02 2.259710510352356869e+04
6.189278066553179081e-02 2.222852825931810730e+04
6.255278659959383203e-02 2.186232650580382324e+04
6.321983063774996858e-02 2.149933427951349950e+04
6.389398783221819644e-02 2.114039056708599674e+04
6.457533403555069940e-02 2.078628602452437917e+04
6.526394590916835547e-02 2.043778510211409957e+04
6.595990093198643434e-02 2.009562417857388937e+04
6.666327740913184641e-02 1.976048877917882055e+04
6.737415448075377566e-02 1.943302499438278755e+04
6.809261213092805687e-02 1.911383426938571574e+04
6.881873119665651850e-02 1.880345818829418204e+04
6.955259337696260979e-02 1.850236923115175523e+04
7.029428124208327022e-02 1.821099262560502393e+04
7.104387824275960883e-02 1.792965103929904581e+04
7.180146871962624078e-02 1.765860050177539961e+04
7.256713791270080760e-02 1.739801430399090532e+04
7.334097197097497189e-02 1.714792666069207917e+04
7.412305796210702513e-02 1.690832603096881576e+04
7.491348388221857890e-02 1.667902668527292190e+04
7.571233866579531180e-02 1.645977477450190054e+04
7.651971219569340954e-02 1.625019147025305028e+04
7.733569531325266977e-02 1.604977256697101620e+04
7.816037982851774257e-02 1.585795529050857476e+04
7.899385853056760387e-02 1.567402837452057975e+04
7.983622519795612049e-02 1.549725503874171045e+04
8.068757460926329061e-02 1.532677503886672639e+04
8.154800255375924123e-02 1.516170692316762324e+04
8.241760584218220387e-02 1.500109415455831913e+04
8.329648231763064903e-02 1.484395914083569187e+04
8.418473086657242421e-02 1.468928566280661107e+04
8.508245142997081234e-02 1.453604143795671916e+04
8.598974501452927299e-02 1.438318164726006216e+04
8.690671370405653184e-02 1.422965730195718243e+04
8.783346067095200438e-02 1.407443752966961074e+04
8.877009018781449601e-02 1.391651426132785491e+04
8.971670763917434510e-02 1.375493659893027507e+04
9.067341953335063265e-02 1.358881719524346227e+04
9.164033351443529041e-02 1.341738887307909135e+04
9.261755837440405204e-02 1.324000625613912962e+04
9.360520406535757787e-02 1.305622119134427885e+04
9.460338171189253131e-02 1.286575924525041046e+04
9.561220362360461911e-02 1.266861588509475951e+04
9.663178330772552449e-02 1.246498303986189421e+04
9.766223548189345571e-02 1.225534551504076262e+04
9.870367608706101525e-02 1.204036871608050933e+04
9.975622230054011219e-02 1.182097255772475364e+04
1.008199925491860688e-01 1.159820742674547000e+04
1.018951065227227393e-01 1.137326050779508296e+04
1.029816851872087796e-01 1.114737800772260744e+04
1.040798507986484683e-01 1.092182505107872566e+04
1.051897269167472587e-01 1.069785280574147146e+04
1.063114384188138528e-01 1.047665394843458307e+04
1.074451115138112534e-01 1.025934986517338075e+04
1.085908737565563914e-01 1.004698097655207675e+04
1.097488540620724234e-01 9.840505065469307738e+03
1.109191827200933789e-01 9.640791441452851359e+03
1.121019914097235587e-01 9.448618412057161549e+03
1.132974132142538781e-01 9.264667482318989641e+03
1.145055826361349449e-01 9.089484386790471035e+03
1.157266356121109951e-01 8.923462923349714401e+03
1.169607095285147003e-01 8.766802661470628664e+03
1.182079432367250243e-01 8.619461936410314593e+03
1.194684770687904352e-01 8.481161885912877551e+03
1.207424528532177188e-01 8.351353655022290695e+03
1.220300139309301313e-01 8.229220850696428897e+03
1.233313051713952890e-01 8.113745957126689063e+03
1.246464729889249501e-01 8.003752378662293268e+03
1.259756653591493081e-01 7.897957371441298164e+03
1.273190318356656192e-01 7.795055326084357148e+03
1.286767235668657139e-01 7.693774993466070555e+03
1.300488933129422264e-01 7.592932250091153037e+03
1.314356954630762631e-01 7.491451692694872690e+03
1.328372860528090060e-01 7.388380654400977619e+03
1.342538227815970875e-01 7.282898772338228810e+03
1.356854650305567289e-01 7.174321648909296528e+03
1.371323738803962577e-01 7.062107896818088193e+03
1.385947121295399431e-01 6.945914513484113741e+03
1.400726443124457044e-01 6.825604402587891855e+03
1.415663367181168586e-01 6.701238759345465951e+03
1.430759574088126262e-01 6.573218929930554623e+03
1.446016762389574495e-01 6.442216052590931213e+03
1.461436648742518718e-01 6.309139996027421148e+03
1.477020968109881704e-01 6.175093000742496770e+03
1.492771473955702977e-01 6.041279168076612223e+03
1.508689938442434042e-01 5.908918755483919085e+03
1.524778152630332506e-01 5.779167849766071413e+03
1.541037926678980596e-01 5.653029565217580057e+03
1.557471090050960294e-01 5.531397801294301644e+03
1.574079491717685908e-01 5.414917195279291263e+03
1.590865000367446824e-01 5.303984628713938037e+03
1.607829504615659877e-01 5.198950467009026397e+03
1.624974913217366590e-01 5.100066463814017879e+03
1.642303155281995553e-01 5.007043715436843740e+03
1.659816180490419624e-01 4.919371738628655294e+03
1.677515959314316574e-01 4.836573561579479247e+03
1.695404483237879789e-01 4.758032909430135987e+03
1.713483764981890145e-01 4.682648112315458093e+03
1.731755838730173191e-01 4.609284697289656833e+03
1.750222760358482454e-01 4.536878974533920882e+03
1.768886607665804134e-01 4.464531537240929538e+03
1.787749480608148422e-01 4.391531940718612532e+03
1.806813501534821897e-01 4.317227884333264228e+03
1.826080815427222059e-01 4.241056076722268699e+03
1.845553590140186495e-01 4.162914437731363250e+03
1.865234016645896387e-01 4.082966258182766978e+03
1.885124309280401533e-01 4.001379183186038517e+03
1.905226705992762726e-01 3.918444583542808232e+03
1.925543468596851993e-01 3.834937926376280302e+03
1.946076883025848192e-01 3.751703342677579258e+03
1.966829259589425727e-01 3.669518182322810844e+03
1.987802933233705771e-01 3.589085792483326713e+03
2.009000263803970565e-01 3.511033156488138957e+03
2.030423636310178248e-01 3.435929105712385535e+03
2.052075461195319583e-01 3.364265034927243505e+03
2.073958174606615190e-01 3.296109956065008646e+03
2.096074238669626832e-01 3.231237255881886540e+03
2.118426141765280823e-01 3.169427740403463304e+03
2.141016398809843513e-01 3.110415950413420433e+03
2.163847551537896596e-01 3.053634315481443991e+03
2.186922168788305032e-01 2.998448672401530530e+03
2.210242846793258886e-01 2.944268042273627088e+03
2.233812209470384946e-01 2.890566441771677546e+03
2.257632908717972786e-01 2.836908041362857603e+03
2.281707624713362192e-01 2.782896996939896326e+03
2.306039066214488342e-01 2.728185813331584541e+03
2.330629970864666056e-01 2.672799949061182815e+03
2.355483105500611740e-01 2.617096903216126975e+03
2.380601266463751586e-01 2.561423735913110704e+03
2.405987279914860166e-01 2.506117096642133220e+03
2.431644002152029416e-01 2.451591862185374339e+03
2.457574319932055718e-01 2.398272524674438046e+03
2.483781150795238146e-01 2.346546288912350974e+03
2.510267443393642828e-01 2.296679743466331274e+03
2.537036177822878380e-01 2.248674546549742900e+03
2.564090365957387152e-01 2.202487765992641471e+03
2.591433051789333031e-01 2.158072679019675434e+03
2.619067311771094975e-01 2.115217606195924873e+03
2.646996255161407352e-01 2.073521989539135575e+03
2.675223024375211200e-01 2.032602030985875672e+03
2.703750795337201973e-01 1.992117977615946529e+03
2.732582777839182575e-01 1.951902645134869999e+03
2.761722215901205035e-01 1.911882979154688201e+03
2.791172388136569649e-01 1.871993676054080424e+03
2.820936608120729883e-01 1.832229686049568272e+03
2.851018224764096942e-01 1.792784365579330142e+03
2.881420622688856126e-01 1.753880842145628776e+03
2.912147222609781649e-01 1.715722991905962317e+03
2.943201481719114887e-01 1.678468725929532638e+03
2.974586894075560983e-01 1.642217922073244836e+03
3.006306990997404394e-01 1.607056732311176347e+03
3.038365341459843272e-01 1.573050205715748234e+03
3.070765552496551587e-01 1.540095557403039948e+03
3.103511269605518375e-01 1.507984130683964395e+03
3.136606177159232400e-01 1.476520558208243528e+03
3.170053998819208907e-01 1.445541688772840871e+03
3.203858497954969464e-01 1.414980307558721961e+03
3.238023478067471594e-01 1.384799573395663856e+03
3.272552783217057559e-01 1.354966010215259757e+03
3.307450298455977267e-01 1.325494283764777038e+03
3.342719950265495843e-01 1.296487863884046874e+03
3.378365706997693563e-01 1.268051844128895937e+03
3.414391579321958137e-01 1.240278892882176933e+03
3.450801620676243742e-01 1.213198988499545294e+03
3.487599927723152859e-01 1.186790575083601880e+03
3.524790640810850917e-01 1.161031172575671917e+03
3.562377944438930855e-01 1.135893257637441820e+03
3.600366067729226516e-01 1.111312726506269428e+03
3.638759284901649238e-01 1.087215168169285107e+03
3.677561915755099831e-01 1.063531831696406698e+03
3.716778326153520329e-01 1.040221866060294815e+03
3.756412928517098293e-01 1.017305476324813753e+03
3.796470182318741893e-01 9.948099914922089511e+02
3.836954594585831879e-01 9.727597818070462381e+02
3.877870720407325944e-01 9.511716258700289472e+02
3.919223163446285962e-01 9.300546516419776708e+02
3.961016576457838112e-01 9.094162308815174356e+02
4.003255661812685773e-01 8.892591054901693042e+02
4.045945172026197412e-01 8.695568529348082620e+02
4.089089910293124408e-01 8.502703714498630916e+02
4.132694731028051516e-01 8.313632296732757823e+02
4.176764540411562754e-01 8.128096953660026429e+02
4.221304296942274825e-01 7.946128421912386557e+02
4.266319011994737509e-01 7.767807133695997663e+02
4.311813750383282073e-01 7.593201132653913419e+02
4.357793630931905415e-01 7.422329133905501521e+02
4.404263827050183266e-01 7.255147921309599042e+02
4.451229567315376223e-01 7.091608504793191514e+02
4.498696136060713613e-01 6.931657327163345599e+02
4.546668873969955671e-01 6.775197805924502745e+02
4.595153178678315631e-01 6.622109240232217644e+02
4.644154505379746722e-01 6.472276203511293033e+02
4.693678367440747845e-01 6.325596033033393724e+02
4.743730337020695131e-01 6.182002570176600784e+02
4.794316045698784334e-01 6.041439977704261537e+02
4.845441185107688953e-01 5.903853115123779389e+02
4.897111507573919109e-01 5.769187540313870386e+02
4.949332826765064364e-01 5.637389511221322209e+02
5.002111018343911031e-01 5.508405987098058176e+02
5.055452020629536136e-01 5.382184629293549278e+02
5.109361835265471274e-01 5.258673801618820107e+02
5.163846527894951910e-01 5.137822570297172433e+02
5.218912228843404222e-01 5.019580703517144116e+02
5.274565133808196693e-01 4.903898670602358152e+02
5.330811504555739155e-01 4.790727640813097423e+02
5.387657669626043644e-01 4.680019481794186618e+02
5.445110025044748170e-01 4.571726757682951643e+02
5.503175035042782159e-01 4.465802726891546399e+02
5.561859232783683549e-01 4.362201339577127897e+02
5.621169221098669677e-01 4.260877234812984398e+02
5.681111673229570780e-01 4.161785737474097573e+02
5.741693333579640512e-01 4.064882854849675482e+02
5.802921018472418924e-01 3.970125270048471862e+02
5.864801616918662308e-01 3.877469759569069083e+02
5.927342091391450962e-01 3.786872570973886809e+02
5.990549478609596967e-01 3.698290623406585951e+02
6.054430890329339787e-01 3.611681672643458683e+02
6.118993514144547285e-01 3.527004296393974414e+02
6.184244614295418829e-01 3.444217879823903559e+02
6.250191532485812607e-01 3.363282601298590180e+02
6.316841688709320390e-01 3.284159418343525658e+02
6.384202582084085309e-01 3.206810053819919517e+02
6.452281791696593549e-01 3.131196982312649197e+02
6.521086977454417788e-01 3.057283416728028556e+02
6.590625880948070003e-01 2.985033295099004818e+02
6.660906326322065807e-01 2.914411267595132813e+02
6.731936221155215838e-01 2.845382683735025466e+02
6.803723557350372930e-01 2.777913579798693604e+02
6.876276412033628382e-01 2.711970666437314890e+02
6.949602948463102781e-01 2.647521316478160429e+02
7.023711416947459041e-01 2.584533552921958517e+02
7.098610155774137676e-01 2.522976037130689519e+02
7.174307592147571855e-01 2.462818057202999569e+02
7.250812243137355617e-01 2.404029521506167555e+02
7.328132716636537314e-01 2.346581086527705224e+02
7.406277712330159302e-01 2.290444149123001409e+02
7.485256022674060539e-01 2.235590667928988751e+02
7.565076533884179666e-01 2.181993144815205596e+02
7.645748226936381897e-01 2.129624615979760165e+02
7.727280178576948488e-01 2.078458643145241922e+02
7.809681562343835370e-01 2.028469304854694428e+02
7.892961649598864149e-01 1.979631187867839799e+02
7.977129810570835478e-01 1.931919378657852349e+02
8.062195515409849023e-01 1.885309455008661530e+02
8.148168335252830019e-01 1.839777477712777056e+02
8.235057943300407857e-01 1.795299982369867848e+02
8.322874115905330994e-01 1.751853971285802061e+02
8.411626733672398215e-01 1.709416905472253347e+02
8.501325782570203771e-01 1.667966696746633488e+02
8.591981355054697511e-01 1.627481699932214667e+02
8.683603651204723217e-01 1.587940705158274852e+02
8.776202979869717202e-01 1.549322930259924078e+02
8.869789759829543874e-01 1.511608013277472935e+02
8.964374520966805759e-01 1.474776005054853840e+02
9.059967905451590253e-01 1.438807357298027796e+02
9.156580668938870682e-01 1.403682872392356842e+02
9.254223681778702693e-01 1.369383720761610448e+02
9.352907930239248158e-01 1.335891464219904208e+02
9.452644517742927466e-01 1.303188049026346391e+02
9.553444666115704642e-01 1.271255798636712626e+02
9.655319716849700695e-01 1.240077406570862024e+02
9.758281132379312828e-01 1.209635929394511180e+02
9.862340497370855052e-01 1.179914779814185266e+02
9.967509520026031078e-01 1.150897719883991073e+02
1.007380003339927610e+00 1.122568854322962579e+02
1.018122399672913847e+00 1.094912623941714429e+02
1.028979349678391442e+00 1.067913799177073315e+02
1.039952074922148029e+00 1.041557473733488877e+02
1.051041809996386300e+00 1.015829058329820498e+02
1.062249802658627562e+00 9.907142745503544745e+01
1.073577313972096547e+00 9.661991487987060623e+01
1.085025618447623907e+00 9.422700063532946047e+01
1.096596004187030626e+00 9.189134655232628290e+01
1.108289773028073411e+00 8.961164319033659353e+01
1.120108240690913970e+00 8.738660927267726208e+01
1.132052736926149938e+00 8.521499106267550872e+01
1.144124605664446959e+00 8.309556156855195752e+01
1.156325205167732628e+00 8.102712026845523496e+01
1.168655908182036685e+00 7.900849268680346427e+01
1.181118102091938571e+00 7.703852987380643924e+01
1.193713189076660575e+00 7.511610789412998201e+01
1.206442586267851169e+00 7.324012732459597430e+01
1.219307725909012818e+00 7.140951276079775312e+01
1.232310055516668390e+00 6.962321233249438990e+01
1.245451038043219327e+00 6.788019722767110409e+01
1.258732152041542873e+00 6.617946122513282603e+01
1.272154891831368539e+00 6.452002023550923582e+01
1.285720767667389408e+00 6.290091185055465672e+01
1.299431305909206857e+00 6.132119490061214151e+01
1.313288049193060747e+00 5.977994902013054457e+01
1.327292556605389917e+00 5.827627422111083888e+01
1.341446403858271186e+00 5.680929047436162449e+01
1.355751183466688659e+00 5.537813729845164090e+01
1.370208504927733939e+00 5.398197335623839876e+01
1.384819994901689721e+00 5.261997605886065799e+01
1.399587297395044949e+00 5.129134117665219605e+01
1.414512073945488613e+00 4.999528234228306189e+01
1.429596003808834448e+00 4.873103053743319890e+01
1.444840784147982893e+00 4.749783398094676556e+01
1.460248130223866569e+00 4.629495780738191257e+01
1.475819775588434579e+00 4.512168371095391706e+01
1.491557472279722907e+00 4.397730959628033531e+01
1.507462991018959864e+00 4.286114923582429270e+01
1.523538121409820034e+00 4.177253193391885588e+01
1.539784672139771438e+00 4.071080219726934502e+01
1.556204471183569860e+00 3.967531941182437549e+01
1.572799366008954980e+00 3.866545752590736384e+01
1.589571223784492338e+00 3.768060473950970390e+01
1.606521931589678820e+00 3.672016319963552178e+01
1.623653396627257939e+00 3.578354870160113421e+01
1.640967546437797298e+00 3.487019039618677141e+01
1.658466329116589311e+00 3.397953050253811114e+01
1.676151713532812781e+00 3.311102402672612754e+01
1.694025689551083458e+00 3.226413848586033595e+01
1.712090268255333170e+00 3.143835363766590518e+01
1.730347482175075058e+00 3.063316121542796466e+01
1.748799385514117954e+00 2.984806466317947837e+01
1.767448054381665523e+00 2.908257872068487870e+01
1.786295587025934717e+00 2.833622915970344636e+01
1.805344104070227607e+00 2.760855274418193872e+01
1.824595748751522750e+00 2.689909700120125891e+01
1.844052687161645609e+00 2.620741998393492267e+01
1.863717108490956065e+00 2.553309003946205280e+01
1.883591225274690917e+00 2.487568558134153562e+01
1.903677273641894763e+00 2.423479486686308348e+01
1.923977513567005859e+00 2.361001577888684722e+01
1.944494229124163809e+00 2.300095561218605056e+01
1.965229728744169346e+00 2.240723086421125387e+01
1.986186345474244552e+00 2.182846703019037093e+01
2.007366437240523105e+00 2.126429840248632885e+01
2.028772387113339626e+00 2.071436787413113478e+01
2.050406603575387177e+00 2.017832674645659452e+01
2.072271520792675403e+00 1.965583454074696590e+01
2.094369598888437434e+00 1.914655881383452041e+01
2.116703324219919580e+00 1.865017497756529252e+01
2.139275209658116683e+00 1.816636612206033163e+01
2.162087794870540591e+00 1.769482284269945538e+01
2.185143646606932943e+00 1.723524306419428598e+01
2.208445358988091911e+00 1.678733180812767500e+01
2.231995553797739618e+00 1.635080106598136140e+01
2.255796880777492408e+00 1.592536969012534520e+01
2.279852017925031671e+00 1.551076323838073101e+01
2.304163671795378399e+00 1.510671382111097394e+01
2.328734577805453565e+00 1.471295995159849568e+01
2.353567500541839497e+00 1.432924639964386238e+01
2.378665234071819512e+00 1.395532404832263396e+01
2.404030602257788196e+00 1.359094975383638548e+01
2.429666459074936391e+00 1.323588620839807817e+01
2.455575688932404521e+00 1.288990180608888103e+01
2.481761206997781688e+00 1.255277051162917878e+01
2.508225959525140158e+00 1.222427173200302519e+01
2.534972924186515097e+00 1.190419019088061248e+01
2.562005110406923247e+00 1.159231580578124721e+01
2.589325559703002266e+00 1.128844356792113146e+01
2.616937346025184130e+00 1.099237342469300316e+01
2.644843576103596217e+00 1.070391016472218837e+01
2.673047389797598594e+00 1.042286330544852824e+01
2.701551960449047662e+00 1.014904698318172649e+01
2.730360495239381624e+00 9.882279833330640528e+00
2.759476235550431422e+00 9.622384836635450966e+00
2.788902457329162754e+00 9.369189265306310688e+00
2.818642471456249687e+00 9.122524603688360045e+00
2.848699624118583795e+00 8.882226449346759978e+00
2.879077297185804962e+00 8.648134416354887222e+00
2.909778908590767710e+00 8.420092040751287144e+00
2.940807912714148653e+00 8.197946688118449288e+00
2.972167800773096946e+00 7.981549463239954179e+00
3.003862101214030744e+00 7.770755121791245834e+00
3.035894380109679602e+00 7.565421984021079460e+00
3.068268241560271559e+00 7.365411850381964776e+00
3.100987328099090501e+00 7.170589919067353435e+00
3.134055321102296787e+00 6.980824705415831666e+00
3.167475941203115486e+00 6.795987963142155586e+00
3.201252948710507251e+00 6.615954607355758021e+00
3.235390144032205928e+00 6.440602639329408241e+00
3.269891368102368023e+00 6.269813072979396829e+00
3.304760502813710588e+00 6.103469863021536490e+00
3.340001471454264514e+00 5.941459834766362746e+00
3.375618239148846733e+00 5.783672615518155702e+00
3.411614813305141158e+00 5.630000567543772760e+00
3.447995244064638865e+00 5.480338722576589383e+00
3.484763624758316691e+00 5.334584717823005917e+00
3.521924092367177295e+00 5.192638733438587728e+00
3.559480827987768770e+00 5.054403431441794048e+00
3.597438057302561720e+00 4.919783896034557458e+00
3.635800051055450677e+00 4.788687575298349763e+00
3.674571125532255955e+00 4.661024224236302693e+00
3.713755643046343202e+00 4.536705849131796420e+00
3.753358012429501844e+00 4.415646653194328586e+00
3.793382689527942997e+00 4.297762983465120534e+00
3.833834177703698831e+00 4.182973278954078999e+00
3.874717028341297276e+00 4.071198019981540739e+00
3.916035841359831071e+00 3.962359678698114340e+00
3.957795265730576162e+00 3.856382670756309139e+00
4.000000000000000000e+00 3.753193308109144422e+00
