k Pk
1.000000000000000048e-04 1.452786911929465759e+03
1.010663698204621069e-04 1.467486673488773931e+03
1.021441110868641573e-04 1.482334904535042142e+03
1.032333450608736655e-04 1.497333095063911287e+03
1.043341942972563380e-04 1.512482749854417534e+03
1.054467826576645819e-04 1.527785388613070609e+03
1.065712353245741920e-04 1.543242546119434110e+03
1.077076788153691128e-04 1.558855772372976844e+03
1.088562409965763625e-04 1.574626632741337517e+03
1.100170510982533554e-04 1.590556708110092359e+03
1.111902397285275133e-04 1.606647595033789457e+03
1.123759388882920033e-04 1.622900905888542638e+03
1.135742819860576940e-04 1.639318269026030976e+03
1.147854038529634335e-04 1.655901328928914381e+03
1.160094407579469926e-04 1.672651746367803071e+03
1.172465304230766180e-04 1.689571198559656068e+03
1.184968120390472360e-04 1.706661379327692430e+03
1.197604262808413467e-04 1.723923999262824509e+03
1.210375153235568980e-04 1.741360785886617577e+03
1.223282228584045262e-04 1.758973483815775353e+03
1.236326941088741760e-04 1.776763854928220326e+03
1.249510758470754636e-04 1.794733678530682027e+03
1.262835164102514042e-04 1.812884751527902381e+03
1.276301657174684981e-04 1.831218888593505199e+03
1.289911752864853715e-04 1.849737922342321326e+03
1.303666982507998228e-04 1.868443703504498899e+03
1.317568893768792618e-04 1.887338101101168149e+03
1.331619050815739723e-04 1.906423002621768774e+03
1.345819034497161256e-04 1.925700314203086691e+03
1.360170442519073640e-04 1.945171960809524307e+03
1.374674889624943040e-04 1.964839884898798118e+03
1.389334007777374329e-04 1.984706043108381209e+03
1.404149446341729137e-04 2.004772410183791408e+03
1.419122872271701683e-04 2.025040980127903140e+03
1.434255970296882232e-04 2.045513766382516224e+03
1.449550443112304090e-04 2.066192802011559252e+03
1.465008011570028638e-04 2.087080139885934386e+03
1.480630414872763508e-04 2.108177852870033803e+03
1.496419410769548068e-04 2.129488034009883449e+03
1.512376775753531408e-04 2.151012796723007796e+03
1.528504305261845289e-04 2.172754274989941678e+03
1.544803813877621630e-04 2.194714623547486099e+03
1.561277135534160250e-04 2.216896018083701165e+03
1.577926123721270428e-04 2.239300655434537020e+03
1.594752651693821528e-04 2.261930753782349711e+03
1.611758612682503771e-04 2.284788552856093247e+03
1.628945920106848755e-04 2.307876314133271990e+03
1.646316507790517307e-04 2.331196321043769331e+03
1.663872330178879351e-04 2.354750879175410319e+03
1.681615362558926694e-04 2.378542316481375110e+03
1.699547601281509537e-04 2.402572983489423677e+03
1.717671063985963379e-04 2.426845253513040461e+03
1.735987789827120082e-04 2.451361522864328890e+03
1.754499839704743748e-04 2.476124211068886780e+03
1.773209296495409587e-04 2.501135761082545287e+03
1.792118265286865326e-04 2.526398639510008252e+03
1.811228873614873544e-04 2.551915336825405120e+03
1.830543271702598368e-04 2.577688367594830197e+03
1.850063632702532716e-04 2.603720270700787296e+03
1.869792152941017601e-04 2.630013609568634365e+03
1.889731052165349423e-04 2.656570972395054923e+03
1.909882573793541931e-04 2.683394971602616806e+03
1.930248985166741231e-04 2.710488234999294491e+03
1.950832577804335573e-04 2.737853408679032782e+03
1.971635667661782154e-04 2.765493163597795501e+03
1.992660595391194023e-04 2.793410195920243041e+03
2.013909726604686283e-04 2.821607227242064710e+03
2.035385452140549896e-04 2.850087004814197371e+03
2.057090188332253084e-04 2.878852301768659800e+03
2.079026377280313151e-04 2.907905917346265142e+03
2.101196487127077227e-04 2.937250677126060054e+03
2.123603012334410569e-04 2.966889433256542816e+03
2.146248473964369123e-04 2.996825064688687689e+03
2.169135419962853650e-04 3.027060477410771000e+03
2.192266425446289587e-04 3.057598604685029386e+03
2.215644092991372210e-04 3.088442407286144316e+03
2.239271052927883899e-04 3.119594873741477386e+03
2.263149963634650968e-04 3.151059020573356065e+03
2.287283511838650112e-04 3.182837892542936515e+03
2.311674412917301045e-04 3.214934562896284660e+03
2.336325411203996028e-04 3.247352133611952468e+03
2.361239280296862763e-04 3.280093735650772942e+03
2.386418823370845205e-04 3.313162529207368607e+03
2.411866873493099064e-04 3.346561703963637228e+03
2.437586293941750222e-04 3.380294479344139745e+03
2.463579978528065680e-04 3.414364104773458621e+03
2.489850851922036220e-04 3.448773859935498876e+03
2.516401869981451820e-04 3.483527055034643581e+03
2.543236020084477960e-04 3.518627031059045294e+03
2.570356321465780522e-04 3.554077160045743312e+03
2.597765825556229099e-04 3.589880845347898685e+03
2.625467616326239428e-04 3.626041521903905050e+03
2.653464810632748445e-04 3.662562656441978106e+03
2.681760558569918447e-04 3.699447736770529900e+03
2.710358043823563870e-04 3.736700259192958129e+03
2.739260484029363012e-04 3.774323748297336806e+03
2.768471131134896449e-04 3.812321760074105896e+03
2.797993271765525152e-04 3.850697882158643552e+03
2.827830227594193419e-04 3.889455734075653254e+03
2.857985355715162573e-04 3.928598967484620516e+03
2.888462049021732914e-04 3.968131266426565617e+03
2.919263736588002681e-04 4.008056347572297454e+03
2.950393884054671638e-04 4.048377960471867937e+03
2.981855994018990652e-04 4.089099887805357412e+03
3.013653606428849663e-04 4.130225945635208518e+03
3.045790298981071822e-04 4.171759983659439968e+03
3.078269687523968543e-04 4.213705885466622931e+03
3.111095426464157636e-04 4.256067568791874692e+03
3.144271209177748605e-04 4.298848985774379798e+03
3.177800768425899456e-04 4.342054123216113112e+03
3.211687876774803004e-04 4.385687002841887988e+03
3.245936347020169917e-04 4.429751681560590441e+03
3.280550032616203599e-04 4.474252251728117699e+03
3.315532828109182405e-04 4.519192841411114387e+03
3.350888669575652953e-04 4.564577614652157536e+03
3.386621535065288766e-04 4.610410771736716015e+03
3.422735445048495553e-04 4.656696549460498318e+03
3.459234462868752275e-04 4.703439221398850350e+03
3.496122695199809448e-04 4.750643098177178217e+03
3.533404292507746837e-04 4.798312527742456950e+03
3.571083449517958842e-04 4.846451895636317204e+03
3.609164405687135353e-04 4.895065625269143311e+03
3.647651445680244030e-04 4.944158178195625624e+03
3.686548899852627845e-04 4.993734054391503378e+03
3.725861144737234692e-04 5.043797786867061404e+03
3.765592603537032748e-04 5.094353904578240872e+03
3.805747746622705342e-04 5.145406954204237081e+03
3.846331092035606926e-04 5.196961519085150030e+03
3.887347205996125412e-04 5.249022219530893381e+03
3.928800703417444930e-04 5.301593713035756082e+03
3.970696248424788132e-04 5.354680694493344163e+03
4.013038554880211245e-04 5.408287896410959547e+03
4.055832386912962707e-04 5.462420089124039805e+03
4.099082559455530608e-04 5.517082081010525144e+03
4.142793938785390329e-04 5.572278718704866151e+03
4.186971443072527179e-04 5.628014887311845087e+03
4.231620042932819690e-04 5.684295510620519963e+03
4.276744761987281399e-04 5.741125551317134523e+03
4.322350677427308019e-04 5.798510011198570282e+03
4.368442920585932187e-04 5.856453931384940006e+03
4.415026677515169790e-04 5.914962392531957448e+03
4.462107189569542993e-04 5.974040515042952393e+03
4.509689753995782687e-04 6.033693459280370007e+03
4.557779724528865915e-04 6.093926425777028271e+03
4.606382511994382882e-04 6.154744655446569595e+03
4.655503584917331113e-04 6.216153429793684154e+03
4.705148470137421324e-04 6.278158071123633817e+03
4.755322753430901521e-04 6.340763942751021204e+03
4.806032080139056536e-04 6.403976449208455961e+03
4.857282155803386778e-04 6.467801036453965935e+03
4.909078746807560550e-04 6.532243192077978165e+03
4.961427681026235863e-04 6.597308445509690500e+03
5.014334848480753387e-04 6.663002368222444602e+03
5.067806202001866409e-04 6.729330573938425005e+03
5.121847757899521906e-04 6.796298718832415034e+03
5.176465596639772413e-04 6.863912500653693314e+03
5.231665863528943373e-04 6.932177609266340369e+03
5.287454769405034284e-04 7.001099703746551313e+03
5.343838591336554219e-04 7.070684476044989424e+03
5.400823673328775457e-04 7.140937656271720698e+03
5.458416427037521236e-04 7.211865012767950248e+03
5.516623332490594965e-04 7.283472352174375374e+03
5.575450938816846553e-04 7.355765519496220804e+03
5.634905864983061254e-04 7.428750398164725993e+03
5.694994800538689473e-04 7.502432910095199077e+03
5.755724506368515084e-04 7.576819015741407384e+03
5.817101815453370713e-04 7.651914714146264487e+03
5.879133633638919474e-04 7.727726042988771042e+03
5.941826940412682067e-04 7.804259078627382223e+03
6.005188789689330916e-04 7.881519936138950470e+03
6.069226310604345677e-04 7.959514769354197597e+03
6.133946708316176475e-04 8.038249770889074171e+03
6.199357264816888861e-04 8.117731172171473190e+03
6.265465339751522499e-04 8.197965243464639570e+03
6.332278371246146233e-04 8.278958293885234525e+03
6.399803876744759173e-04 8.360716671418262194e+03
6.468049453855128847e-04 8.443246762926268275e+03
6.537022781203604381e-04 8.526554994154997985e+03
6.606731619299093363e-04 8.610647829734094557e+03
6.677183811406226226e-04 8.695531773172961039e+03
6.748387284427837191e-04 8.781213366851929095e+03
6.820350049796878840e-04 8.867699192009233229e+03
6.893080204377785526e-04 8.954995868721767692e+03
6.966585931377518694e-04 9.043110055881890730e+03
7.040875501266287634e-04 9.132048451168750034e+03
7.115957272708094182e-04 9.221817791014524119e+03
7.191839693501232570e-04 9.312424850565044835e+03
7.268531301528744415e-04 9.403876403841832143e+03
7.346040725719089068e-04 9.496179072882283435e+03
7.424376687017014134e-04 9.589339453186592436e+03
7.503547999364780117e-04 9.683364167324643859e+03
7.583563570693895332e-04 9.778259864613151876e+03
7.664432403927333957e-04 9.874033220775389054e+03
7.746163597992533232e-04 9.970690937591511101e+03
7.828766348845148104e-04 1.006823974253796041e+04
7.912249950503718373e-04 1.016668638841691791e+04
7.996623796095418549e-04 1.026603765297532846e+04
8.081897378912871995e-04 1.036630033851341250e+04
8.168080293482317747e-04 1.046748127148243657e+04
8.255182236643125683e-04 1.056958730207134067e+04
8.343213008638829167e-04 1.067262530378318479e+04
8.432182514219822627e-04 1.077660217299980650e+04
8.522100763757746835e-04 1.088152482853586116e+04
8.612977874371830758e-04 1.098740021118080222e+04
8.704824071067210605e-04 1.109423528323041864e+04
8.797649687885384338e-04 1.120203702800605970e+04
8.891465169066972967e-04 1.131081244936234725e+04
8.986281070226803799e-04 1.142056857118330845e+04
9.082108059541601879e-04 1.153131243686621929e+04
9.178956918950311296e-04 1.164305110879359199e+04
9.276838545367206831e-04 1.175579166779296247e+04
9.375763951908008429e-04 1.186954121258430314e+04
9.475744269128911785e-04 1.198430685921504664e+04
9.576790746279071698e-04 1.210009574048245668e+04
9.678914752566199946e-04 1.221691500534336228e+04
9.782127778435810005e-04 1.233477181831139205e+04
9.886441436864101037e-04 1.245367335884047861e+04
9.991867464664470292e-04 1.257362682069602306e+04
1.009841772380822532e-03 1.269463939974367349e+04
1.020610420275911432e-03 1.281671806046996244e+04
1.031493901782224278e-03 1.293986953669062859e+04
1.042493441450737966e-03 1.306410054562533514e+04
1.053610276890664440e-03 1.318941779568935999e+04
1.064845658908713860e-03 1.331582798535605980e+04
1.076200851649817321e-03 1.344333780200058573e+04
1.087677132739366158e-03 1.357195392072412687e+04
1.099275793426967391e-03 1.370168300315853230e+04
1.110998138731716847e-03 1.383253169625090050e+04
1.122845487589047833e-03 1.396450663102974613e+04
1.134819172999118088e-03 1.409761442134982462e+04
1.146920542176797222e-03 1.423186166261766266e+04
1.159150956703252277e-03 1.436725493049758552e+04
1.171511792679132266e-03 1.450380077959731716e+04
1.184004440879417178e-03 1.464150574213239997e+04
1.196630306909886570e-03 1.478037632657229187e+04
1.209390811365275605e-03 1.492041901626469007e+04
1.222287389989117892e-03 1.506164026803984416e+04
1.235321493835274701e-03 1.520404651079429277e+04
1.248494589431215808e-03 1.534764414405484240e+04
1.261808158943012728e-03 1.549243953652070013e+04
1.275263700342108312e-03 1.563843902458589946e+04
1.288862727573866166e-03 1.578564891084090959e+04
1.302606770727897509e-03 1.593407546255282432e+04
1.316497376210235947e-03 1.608372491012606042e+04
1.330536106917317449e-03 1.623460344554119729e+04
1.344724542411833814e-03 1.638671722077308732e+04
1.359064279100462248e-03 1.654007234618872462e+04
1.373556930413469095e-03 1.669467488892411711e+04
1.388204126986264256e-03 1.685053087123935984e+04
1.403007516842855141e-03 1.700764626875206886e+04
1.417968765581280799e-03 1.716602685529101291e+04
1.433089556561020382e-03 1.732567788293446574e+04
1.448371591092379850e-03 1.748660444087881115e+04
1.463816588627936052e-03 1.764881153803529742e+04
1.479426286955982245e-03 1.781230410073193343e+04
1.495202442396062655e-03 1.797708697039036269e+04
1.511146829996588272e-03 1.814316490117868307e+04
1.527261243734540173e-03 1.831054255763860419e+04
1.543547496717339500e-03 1.847922451228859791e+04
1.560007421386831652e-03 1.864921524320248136e+04
1.576642869725468571e-03 1.882051913156472438e+04
1.593455713464690454e-03 1.899314045920003628e+04
1.610447844295505348e-03 1.916708340608107756e+04
1.627621174081355336e-03 1.934235204781185530e+04
1.644977635073210107e-03 1.951895035308835213e+04
1.662519180126980495e-03 1.969688218113475523e+04
1.680247782923250483e-03 1.987615127911972377e+04
1.698165438189326148e-03 2.005676127954726326e+04
1.716274161923695210e-03 2.023871569762811851e+04
1.734575991622838665e-03 2.042201792862779621e+04
1.753072986510484247e-03 2.060667124519343997e+04
1.771767227769307585e-03 2.079267879466021986e+04
1.790660818775075859e-03 2.098004359633690547e+04
1.809755885333333035e-03 2.116876853877020403e+04
1.829054575918564671e-03 2.135885637699041399e+04
1.848559061915941611e-03 2.155030972973718963e+04
1.868271537865630848e-03 2.174313107666553333e+04
1.888194221709711294e-03 2.193732275553449290e+04
1.908329355041733268e-03 2.213288695937605371e+04
1.928679203358917580e-03 2.232982573364809286e+04
1.949246056317066210e-03 2.252814097336835766e+04
1.970032227988179150e-03 2.272783436776532835e+04
1.991040057120820571e-03 2.292890684183252961e+04
2.012271907403268782e-03 2.313135874796417193e+04
2.033730167729454544e-03 2.333519023268116143e+04
2.055417252467754956e-03 2.354040123919824691e+04
2.077335601732642478e-03 2.374699150383346932e+04
2.099487681659232240e-03 2.395496055240414353e+04
2.121875984680765808e-03 2.416430769660930673e+04
2.144503029809034875e-03 2.437503203040212975e+04
2.167371362917814258e-03 2.458713242635289498e+04
2.190483557029308109e-03 2.480060753200042382e+04
2.213842212603651417e-03 2.501545576619742133e+04
2.237449957831507547e-03 2.523167531544833037e+04
2.261309448929764866e-03 2.544926413024011345e+04
2.285423370440410086e-03 2.566821992136993140e+04
2.309794435532574845e-03 2.588854015626808905e+04
2.334425386307804971e-03 2.611022205531860527e+04
2.359318994108597529e-03 2.633326258817973576e+04
2.384478059830201762e-03 2.655765847010211655e+04
2.409905414235771499e-03 2.678340615825134591e+04
2.435603918274864294e-03 2.701050184803061347e+04
2.461576463405337582e-03 2.723894146940884457e+04
2.487825971918690860e-03 2.746872068325328291e+04
2.514355397268849997e-03 2.769983487766951657e+04
2.541167724404485174e-03 2.793227916434907820e+04
2.568265970104858555e-03 2.816604837492734805e+04
2.595653183319252856e-03 2.840113705735149415e+04
2.623332445510033299e-03 2.863753947226218224e+04
2.651306870999342938e-03 2.887524958938837153e+04
2.679579607319518535e-03 2.911426108395847041e+04
2.708153835567230893e-03 2.935456733312901997e+04
2.737032770761404273e-03 2.959616140621303202e+04
2.766219662204964791e-03 2.983903527563708121e+04
2.795717793850404764e-03 3.008317901096980859e+04
2.825530484669314373e-03 3.032858210808547665e+04
2.855661089025785231e-03 3.057523403250864067e+04
2.886112997053832865e-03 3.082312495450600181e+04
2.916889635038852433e-03 3.107224488538065998e+04
2.947994465803091199e-03 3.132258348889731133e+04
2.979430989095308620e-03 3.157413011766492127e+04
3.011202741984516946e-03 3.182687377463882876e+04
3.043313299257964510e-03 3.208080297425677782e+04
3.075766273823364334e-03 3.233590500371186499e+04
3.108565317115365417e-03 3.259216637914087187e+04
3.141714119506436309e-03 3.284957322895944526e+04
3.175216410722049923e-03 3.310811164488727809e+04
3.209075960260346968e-03 3.336776754911001626e+04
3.243296577816271072e-03 3.362852643949227058e+04
3.277882113710181219e-03 3.389037305208457838e+04
3.312836459321111954e-03 3.415329137336878921e+04
3.348163547524578114e-03 3.441726494007599831e+04
3.383867353135090218e-03 3.468227701700475882e+04
3.419951893353396534e-03 3.494831065834369656e+04
3.456421228218436222e-03 3.521534848913785390e+04
3.493279461064203485e-03 3.548337197350982024e+04
3.530530738981393912e-03 3.575236069536181458e+04
3.568179253284026013e-03 3.602229356182889751e+04
3.606229239981040974e-03 3.629314956328087283e+04
3.644684980252874996e-03 3.656490896285418421e+04
3.683550800933207189e-03 3.683755189342880476e+04
3.722831074995749424e-03 3.711105733061216597e+04
3.762530222046285480e-03 3.738540058869639324e+04
3.802652708819957272e-03 3.766055551720564836e+04
3.843203049683794302e-03 3.793649633947449183e+04
3.884185807144701838e-03 3.821320347307388147e+04
3.925605592362766023e-03 3.849065983992863039e+04
3.967467065670091456e-03 3.876884599888553203e+04
4.009774937095174699e-03 3.904771880604285980e+04
4.052533966892807663e-03 3.932721938194520044e+04
4.095748966079728118e-03 3.960729096560461039e+04
4.139424796975891586e-03 3.988795016834895796e+04
4.183566373751563226e-03 4.016928291618642834e+04
4.228178662980255735e-03 4.045137719095735520e+04
4.273266684197491588e-03 4.073419525987996167e+04
4.318835510465635075e-03 4.101752750817287597e+04
4.364890268944641473e-03 4.130114772406052361e+04
4.411436141468950620e-03 4.158492519471239211e+04
4.458478365130537878e-03 4.186892402406249312e+04
4.506022232868118170e-03 4.215323333656850446e+04
4.554073094062737262e-03 4.243790833709611616e+04
4.602636355139607185e-03 4.272289874511400558e+04
4.651717480176428658e-03 4.300813378343487420e+04
4.701321991518195298e-03 4.329354752099746838e+04
4.751455470398489173e-03 4.357910112059980747e+04
4.802123557567514883e-03 4.386476306867731182e+04
4.853331953926716055e-03 4.415050046686101268e+04
4.905086421170230110e-03 4.443627321155498066e+04
4.957392782433179580e-03 4.472203773566018208e+04
5.010256922946808647e-03 4.500774951487196813e+04
5.063684790700727703e-03 4.529336025757733296e+04
5.117682397112089873e-03 4.557881898938811355e+04
5.172255817701990055e-03 4.586407471347221872e+04
5.227411192779065664e-03 4.614909122068910801e+04
5.283154728130314698e-03 4.643384609274257673e+04
5.339492695719413873e-03 4.671831611020552373e+04
5.396431434392344288e-03 4.700242629040864995e+04
5.453977350590629054e-03 4.728603198316049384e+04
5.512136919072172479e-03 4.756898162520619371e+04
5.570916683639702549e-03 4.785120110371940973e+04
5.630323257877125481e-03 4.813277105162581574e+04
5.690363325893586788e-03 4.841379244133740576e+04
5.751043643075553699e-03 4.869431178813100269e+04
5.812371036846922419e-03 4.897421084183614585e+04
5.874352407437132863e-03 4.925333924069719797e+04
5.936994728657631754e-03 4.953156186661942775e+04
6.000305048686463763e-03 4.980882115776593128e+04
6.064290490861314227e-03 5.008508108175324014e+04
6.128958254481019045e-03 5.036030291141039925e+04
6.194315615615520083e-03 5.063442990722618561e+04
6.260369927924615621e-03 5.090739732150537748e+04
6.327128623485289878e-03 5.117913927380360838e+04
6.394599213627950342e-03 5.144958429999157670e+04
6.462789289781592852e-03 5.171865713381081150e+04
6.531706524327875359e-03 5.198628292796793539e+04
6.601358671464462036e-03 5.225241022078248352e+04
6.671753568077418324e-03 5.251700913070655224e+04
6.742899134622993423e-03 5.278004970926421083e+04
6.814803376018820601e-03 5.304146028349616245e+04
6.887474382544511893e-03 5.330111355237471435e+04
6.960920330752025376e-03 5.355887711568219675e+04
7.035149484385576878e-03 5.381464810737552762e+04
7.110170195311453500e-03 5.406838259621394536e+04
7.185990904457754090e-03 5.432004354611560848e+04
7.262620142764036717e-03 5.456958176158418792e+04
7.340066532141274747e-03 5.481691242619588593e+04
7.418338786441869108e-03 5.506194377155033726e+04
7.497445712440113132e-03 5.530458661672071321e+04
7.577396210823112571e-03 5.554476550426091126e+04
7.658199277192162535e-03 5.578240859622177231e+04
7.739864003074987259e-03 5.601744101819059870e+04
7.822399576948590311e-03 5.624976847834615182e+04
7.905815285273117693e-03 5.647928819079699315e+04
7.990120513536759853e-03 5.670589905301675753e+04
8.075324747311658780e-03 5.692952467541125225e+04
8.161437573321298974e-03 5.715010411998858763e+04
8.248468680519052687e-03 5.736757565663113928e+04
8.336427861178368620e-03 5.758185497586157726e+04
8.425325011994579810e-03 5.779283722251163272e+04
8.515170135198327217e-03 5.800041666162881302e+04
8.605973339681084744e-03 5.820449572171579348e+04
8.697744842132459561e-03 5.840498772851971444e+04
8.790494968189760394e-03 5.860180676791748556e+04
8.884234153599776529e-03 5.879486535357848334e+04
8.978972945392942745e-03 5.898407294517742412e+04
9.074722003070070583e-03 5.916933875887437171e+04
9.171492099801644218e-03 5.935056998155986366e+04
9.269294123639996649e-03 5.952766775179507385e+04
9.368139078744361012e-03 5.970053226568255923e+04
9.468038086618999968e-03 5.986906473665218073e+04
9.569002387364562365e-03 6.003317019006459304e+04
9.671043340942717462e-03 6.019275498112237983e+04
9.774172428454342559e-03 6.034772563226741477e+04
9.878401253431307386e-03 6.049798735791228683e+04
9.983741543142040861e-03 6.064344516180015489e+04
1.009020514991104504e-02 6.078400428519154229e+04
1.019780405245241002e-02 6.091956689742834715e+04
1.030655035721762640e-02 6.105003357337704074e+04
1.041645629975772487e-02 6.117530569904173171e+04
1.052753424609995450e-02 6.129528772807447240e+04
1.063979669413917840e-02 6.140988701846564072e+04
1.075325627504400416e-02 6.151901187992111954e+04
1.086792575467802197e-02 6.162256849590898491e+04
1.098381803503613828e-02 6.172046005311766203e+04
1.110094615569622717e-02 6.181259059929611249e+04
1.121932329528631950e-02 6.189886570680104342e+04
1.133896277296732834e-02 6.197919283791832277e+04
1.145987804993168699e-02 6.205348088471437950e+04
1.158208273091792043e-02 6.212164039263177983e+04
1.170559056574137051e-02 6.218358402868618577e+04
1.183041545084129696e-02 6.223922616342909896e+04
1.195657143084435589e-02 6.228848183270128357e+04
1.208407270014487563e-02 6.233126346968027792e+04
1.221293360450192121e-02 6.236748415370855946e+04
1.234316864265339389e-02 6.239705930000115040e+04
1.247479246794739108e-02 6.241990921742574574e+04
1.260781988999086327e-02 6.243595747419787949e+04
1.274226587631594604e-02 6.244512974634599232e+04
1.287814555406402092e-02 6.244735343365434528e+04
1.301547421168773068e-02 6.244255793827179878e+04
1.315426730067119701e-02 6.243067499333823798e+04
1.329454043726847196e-02 6.241163782279322913e+04
1.343630940426063410e-02 6.238538133571805520e+04
1.357959015273158161e-02 6.235184306974427454e+04
1.372439880386274250e-02 6.231096449582004425e+04
1.387075165074699856e-02 6.226269143562724639e+04
1.401866516022181458e-02 6.220697267004896275e+04
1.416815597472205653e-02 6.214376099035304651e+04
1.431924091415249373e-02 6.207301421728701825e+04
1.447193697778026422e-02 6.199469343687205401e+04
1.462626134614760862e-02 6.190876324153923633e+04
1.478223138300484296e-02 6.181519251530756446e+04
1.493986463726408587e-02 6.171395355152430420e+04
1.509917884497376239e-02 6.160502289115564781e+04
1.526019193131414667e-02 6.148838456876136479e+04
1.542292201261427458e-02 6.136402706474059232e+04
1.558738739839020220e-02 6.123194253402557661e+04
1.575360659340514780e-02 6.109212856994666072e+04
1.592159829975155205e-02 6.094458700966429024e+04
1.609138141895530977e-02 6.078932378123848321e+04
1.626297505410248187e-02 6.062635508250753628e+04
1.643639851198871321e-02 6.045570460641138197e+04
1.661167130529144290e-02 6.027739961929216952e+04
1.678881315476543623e-02 6.009147327250699891e+04
1.696784399146162789e-02 5.989796425916234148e+04
1.714878395896965099e-02 5.969691485795416520e+04
1.733165341568435394e-02 5.948837753275688010e+04
1.751647293709630154e-02 5.927241666305428225e+04
1.770326331810690920e-02 5.904910028095247253e+04
1.789204557536814080e-02 5.881850327793828183e+04
1.808284094964717620e-02 5.858071059542417061e+04
1.827567090821637791e-02 5.833581070242961869e+04
1.847055714726857090e-02 5.808389799399884942e+04
1.866752159435825301e-02 5.782507841485954123e+04
1.886658641086873603e-02 5.755946178823185619e+04
1.906777399450562682e-02 5.728716373005372589e+04
1.927110698181695725e-02 5.700831697385715961e+04
1.947660825074002192e-02 5.672305992191060795e+04
1.968430092317554822e-02 5.643153433253186085e+04
1.989420836758923686e-02 5.613389530733932042e+04
2.010635420164103709e-02 5.583030375406671374e+04
2.032076229484255231e-02 5.552092286899149622e+04
2.053745677124259664e-02 5.520593199452919362e+04
2.075646201214158271e-02 5.488551983879725594e+04
2.097780265883474396e-02 5.455987564830279007e+04
2.120150361538463216e-02 5.422919945225745323e+04
2.142759005142327866e-02 5.389370015417180548e+04
2.165608740498399867e-02 5.355358620635670377e+04
2.188702138536364680e-02 5.320907885014295607e+04
2.212041797601525112e-02 5.286041521754562564e+04
2.235630343747153220e-02 5.250783118262831704e+04
2.259470431029966114e-02 5.215156703444332379e+04
2.283564741808735005e-02 5.179187304405446048e+04
2.307915987046096906e-02 5.142899740288781322e+04
2.332526906613576964e-02 5.106319606282078166e+04
2.357400269599860265e-02 5.069475216937427467e+04
2.382538874622365521e-02 5.032394901182835747e+04
2.407945550142116115e-02 4.995106085163171520e+04
2.433623154781992121e-02 4.957634157837925159e+04
2.459574577648365040e-02 4.920003606175764435e+04
2.485802738656163469e-02 4.882240383899957669e+04
2.512310588857413415e-02 4.844382622454864031e+04
2.539101110773262643e-02 4.806472530523000023e+04
2.566177318729567086e-02 4.768547812999113376e+04
2.593542259196043170e-02 4.730610384545554552e+04
2.621199011129038414e-02 4.692641770005840226e+04
2.649150686317969586e-02 4.654625315787197178e+04
2.677400429735429452e-02 4.616569358387916873e+04
2.705951419891050938e-02 4.578502983927533205e+04
2.734806869189135292e-02 4.540455669712294912e+04
2.763970024290090047e-02 4.502474499293920962e+04
2.793444166475739232e-02 4.464628075287933461e+04
2.823232612018495777e-02 4.426984074353912001e+04
2.853338712554505385e-02 4.389594418747620512e+04
2.883765855460748706e-02 4.352484673137032951e+04
2.914517464236170141e-02 4.315676885617894004e+04
2.945596998886882562e-02 4.279194445616801386e+04
2.977007956315450010e-02 4.243065701423421706e+04
3.008753870714353865e-02 4.207318951445939456e+04
3.040838313963637254e-02 4.171980364926131006e+04
3.073264896032791224e-02 4.137070604634354095e+04
3.106037265386941276e-02 4.102608368878397596e+04
3.139159109397334640e-02 4.068611034616453253e+04
3.172634154756234781e-02 4.035091475962899858e+04
3.206466167896228348e-02 4.002060531815118156e+04
3.240658955413999037e-02 3.969528101593137399e+04
3.275216364498636373e-02 3.937498785333071282e+04
3.310142283364485988e-02 3.905974082103354158e+04
3.345440641688640637e-02 3.874955093169891916e+04
3.381115411053082359e-02 3.844439004529093654e+04
3.417170605391545851e-02 3.814419768233073410e+04
3.453610281441140545e-02 3.784891163341406354e+04
3.490438539198805618e-02 3.755841146904766356e+04
3.527659522382600027e-02 3.727250618091156502e+04
3.565277418897946221e-02 3.699100561687901791e+04
3.603296461308824056e-02 3.671376830172923655e+04
3.641720927313997491e-02 3.644073546912859456e+04
3.680555140228326805e-02 3.617185745081571804e+04
3.719803469469188523e-02 3.590689259927472449e+04
3.759470331048110625e-02 3.564508486576235009e+04
3.799560188067634819e-02 3.538561234571159002e+04
3.840077551223478047e-02 3.512810908574946370e+04
3.881026979312065389e-02 3.487400224554127635e+04
3.922413079743441999e-02 3.462513667303021066e+04
3.964240509059684114e-02 3.438279697761801799e+04
4.006513973458830646e-02 3.414500350522767985e+04
4.049238229324388788e-02 3.390856631306318013e+04
4.092418083760518410e-02 3.367062649170126679e+04
4.136058395132874432e-02 3.343091004705585510e+04
4.180164073615261211e-02 3.319060871040161874e+04
4.224740081742094089e-02 3.295084605780678976e+04
4.269791434966753452e-02 3.271177721459220265e+04
4.315323202225915256e-02 3.247275835623834791e+04
4.361340506509851778e-02 3.223313928283675341e+04
4.407848525438862186e-02 3.199229461443768741e+04
4.454852491845826684e-02 3.174973763126156337e+04
4.502357694364970270e-02 3.150511841622369320e+04
4.550369478026932563e-02 3.125810540115648109e+04
4.598893244860131208e-02 3.100837321716857332e+04
4.647934454498590245e-02 3.075550541431701640e+04
4.697498624796223737e-02 3.049902141727509297e+04
4.747591332447668316e-02 3.023845906599636146e+04
4.798218213615765282e-02 2.997338599428578527e+04
4.849384964565680439e-02 2.970344506552164239e+04
4.901097342305835852e-02 2.942832033985400267e+04
4.953361165235656283e-02 2.914771683873997972e+04
5.006182313800214279e-02 2.886143698964810028e+04
5.059566731151891872e-02 2.856945037135022721e+04
5.113520423819037375e-02 2.827175649411377526e+04
5.168049462381809483e-02 2.796833662020463817e+04
5.223159982155203829e-02 2.765894544772938025e+04
5.278858183879355653e-02 2.734324896961946433e+04
5.335150334417240042e-02 2.702095119917130069e+04
5.392042767459748892e-02 2.669203965551099100e+04
5.449541884238350009e-02 2.635681968770931780e+04
5.507654154245309602e-02 2.601561874783950407e+04
5.566386115961603764e-02 2.566881917911401979e+04
5.625744377592611922e-02 2.531691719477908919e+04
5.685735617811603360e-02 2.496041690320169801e+04
5.746366586511211794e-02 2.459987225510301869e+04
5.807644105562886211e-02 2.423600930293923739e+04
5.869575069584449800e-02 2.386956514805346887e+04
5.932166446715866209e-02 2.350128703247494559e+04
5.995425279403224228e-02 2.313202094697800203e+04
6.059358685191135879e-02 2.276259991779020493e+04
6.123973857523564573e-02 2.239384917484194739e+04
6.189278066553179081e-02 2.202664460440689436e+04
6.255278659959383203e-02 2.166182767876618527e+04
6.321983063774996858e-02 2.130022069756027850e+04
6.389398783221819644e-02 2.094265018411761412e+04
6.457533403555069940e-02 2.058989449132127265e+04
6.526394590916835547e-02 2.024270572326011097e+04
6.595990093198643434e-02 1.990180788123768798e+04
6.666327740913184641e-02 1.956787429476639227e+04
6.737415448075377566e-02 1.924153892645338783e+04
6.809261213092805687e-02 1.892339120297545742e+04
6.881873119665651850e-02 1.861396094145375901e+04
6.955259337696260979e-02 1.831370919540261821e+04
7.029428124208327022e-02 1.802304987928332412e+04
7.104387824275960883e-02 1.774229502226545083e+04
7.180146871962624078e-02 1.747169032849372161e+04
7.256713791270080760e-02 1.721139924587722999e+04
7.334097197097497189e-02 1.696144725067028776e+04
7.412305796210702513e-02 1.672181419577640554e+04
7.491348388221857890e-02 1.649230730785578635e+04
7.571233866579531180e-02 1.627266615605020525e+04
7.651971219569340954e-02 1.606250647864423081e+04
7.733569531325266977e-02 1.586131988302384525e+04
7.816037982851774257e-02 1.566853996938203818e+04
7.899385853056760387e-02 1.548345356500067282e+04
7.983622519795612049e-02 1.530532236006548555e+04
8.068757460926329061e-02 1.513328626145049020e+04
8.154800255375924123e-02 1.496646453713181836e+04
8.241760584218220387e-02 1.480390275055914753e+04
8.329648231763064903e-02 1.464462626304501828e+04
8.418473086657242421e-02 1.448762451654830147e+04
8.508245142997081234e-02 1.433188329047947991e+04
8.598974501452927299e-02 1.417638258062785462e+04
8.690671370405653184e-02 1.402009996348555069e+04
8.783346067095200438e-02 1.386203269400025420e+04
8.877009018781449601e-02 1.370120244674310197e+04
8.971670763917434510e-02 1.353668924303133826e+04
9.067341953335063265e-02 1.336763774589962668e+04
9.164033351443529041e-02 1.319331291569052337e+04
9.261755837440405204e-02 1.301310144527915509e+04
9.360520406535757787e-02 1.282658564723595919e+04
9.460338171189253131e-02 1.263351995461072147e+04
9.561220362360461911e-02 1.243392490724603158e+04
9.663178330772552449e-02 1.222801442115194732e+04
9.766223548189345571e-02 1.201628976412980046e+04
9.870367608706101525e-02 1.179942868894564526e+04
9.975622230054011219e-02 1.157835723525939284e+04
1.008199925491860688e-01 1.135412750087032873e+04
1.018951065227227393e-01 1.112792333743515883e+04
1.029816851872087796e-01 1.090098378574053277e+04
1.040798507986484683e-01 1.067456358890285446e+04
1.051897269167472587e-01 1.044990091901109554e+04
1.063114384188138528e-01 1.022817385471721536e+04
1.074451115138112534e-01 1.001048800056303480e+04
1.085908737565563914e-01 9.797867229227695134e+03
1.097488540620724234e-01 9.591248804319278861e+03
1.109191827200933789e-01 9.391468731846454830e+03
1.121019914097235587e-01 9.199269671714970173e+03
1.132974132142538781e-01 9.015298540761044933e+03
1.145055826361349449e-01 8.840068878668418620e+03
1.157266356121109951e-01 8.673945490391452040e+03
1.169607095285147003e-01 8.517103747314587963e+03
1.182079432367250243e-01 8.369484433194389567e+03
1.194684770687904352e-01 8.230798263468734149e+03
1.207424528532177188e-01 8.100494660134406331e+03
1.220300139309301313e-01 7.977764798632156271e+03
1.233313051713952890e-01 7.861606622039012109e+03
1.246464729889249501e-01 7.750866052827276690e+03
1.259756653591493081e-01 7.644288623370671303e+03
1.273190318356656192e-01 7.540600315443389263e+03
1.286767235668657139e-01 7.438562961166124296e+03
1.300488933129422264e-01 7.337025168498632411e+03
1.314356954630762631e-01 7.234942989050557117e+03
1.328372860528090060e-01 7.131393213199956335e+03
1.342538227815970875e-01 7.025582332653172671e+03
1.356854650305567289e-01 6.916848770119556320e+03
1.371323738803962577e-01 6.804668122287374899e+03
1.385947121295399431e-01 6.688708160345956458e+03
1.400726443124457044e-01 6.568835931727422576e+03
1.415663367181168586e-01 6.445109953582061280e+03
1.430759574088126262e-01 6.317916073996342675e+03
1.446016762389574495e-01 6.187898910728236842e+03
1.461436648742518718e-01 6.055931190891101323e+03
1.477020968109881704e-01 5.923068445233444436e+03
1.492771473955702977e-01 5.790461467739337422e+03
1.508689938442434042e-01 5.659273659946169573e+03
1.524778152630332506e-01 5.530603816851747979e+03
1.541037926678980596e-01 5.405401122259557269e+03
1.557471090050960294e-01 5.284507194982480542e+03
1.574079491717685908e-01 5.168522483667724373e+03
1.590865000367446824e-01 5.057810636905794127e+03
1.607829504615659877e-01 4.952716746475651235e+03
1.624974913217366590e-01 4.853508474765244500e+03
1.642303155281995553e-01 4.759937375576439990e+03
1.659816180490419624e-01 4.671544531821521559e+03
1.677515959314316574e-01 4.587904048215264083e+03
1.695404483237879789e-01 4.508459490582380568e+03
1.713483764981890145e-01 4.432197335946043495e+03
1.731755838730173191e-01 4.358077598150397534e+03
1.750222760358482454e-01 4.285131845345417787e+03
1.768886607665804134e-01 4.212550885128282061e+03
1.787749480608148422e-01 4.139706884445276046e+03
1.806813501534821897e-01 4.066028820620056649e+03
1.826080815427222059e-01 3.991030666866771753e+03
1.845553590140186495e-01 3.914642290908398536e+03
1.865234016645896387e-01 3.836976562799507519e+03
1.885124309280401533e-01 3.758134520938402147e+03
1.905226705992762726e-01 3.678332634400182087e+03
1.925543468596851993e-01 3.598241106200328431e+03
1.946076883025848192e-01 3.518593732463186370e+03
1.966829259589425727e-01 3.440061306983629947e+03
1.987802933233705771e-01 3.363245309915481357e+03
2.009000263803970565e-01 3.288675940850469942e+03
2.030423636310178248e-01 3.216829206678773971e+03
2.052075461195319583e-01 3.148108675797704109e+03
2.073958174606615190e-01 3.082522552928044206e+03
2.096074238669626832e-01 3.019821311887091724e+03
2.118426141765280823e-01 2.959822996788711862e+03
2.141016398809843513e-01 2.902314085289388004e+03
2.163847551537896596e-01 2.846798955445034153e+03
2.186922168788305032e-01 2.792720880543502972e+03
2.210242846793258886e-01 2.739564869586110945e+03
2.233812209470384946e-01 2.686878041406291231e+03
2.257632908717972786e-01 2.634292837277537728e+03
2.281707624713362192e-01 2.581480072602214932e+03
2.306039066214488342e-01 2.528156390237827509e+03
2.330629970864666056e-01 2.474383709798804375e+03
2.355483105500611740e-01 2.420503460415268364e+03
2.380601266463751586e-01 2.366809519533611819e+03
2.405987279914860166e-01 2.313582761677833787e+03
2.431644002152029416e-01 2.261175657974745718e+03
2.457574319932055718e-01 2.209948800920102258e+03
2.483781150795238146e-01 2.160227672455782340e+03
2.510267443393642828e-01 2.112226055860495308e+03
2.537036177822878380e-01 2.065913805840816167e+03
2.564090365957387152e-01 2.021220143393336457e+03
2.591433051789333031e-01 1.978080667450463352e+03
2.619067311771094975e-01 1.936337985151712928e+03
2.646996255161407352e-01 1.895683762683686837e+03
2.675223024375211200e-01 1.855825761779484765e+03
2.703750795337201973e-01 1.816512718814103891e+03
2.732582777839182575e-01 1.777651066640296449e+03
2.761722215901205035e-01 1.739232404673899737e+03
2.791172388136569649e-01 1.701254269897010545e+03
2.820936608120729883e-01 1.663766334603765017e+03
2.851018224764096942e-01 1.626935898396760876e+03
2.881420622688856126e-01 1.590868025616121713e+03
2.912147222609781649e-01 1.555644896256070069e+03
2.943201481719114887e-01 1.521309083179822665e+03
2.974586894075560983e-01 1.487852743998357255e+03
3.006306990997404394e-01 1.455257708127018532e+03
3.038365341459843272e-01 1.423488545814180497e+03
3.070765552496551587e-01 1.392362017210761451e+03
3.103511269605518375e-01 1.361683097042571490e+03
3.136606177159232400e-01 1.331368816989584047e+03
3.170053998819208907e-01 1.301370118189059667e+03
3.203858497954969464e-01 1.271723060212357723e+03
3.238023478067471594e-01 1.242489328234088134e+03
3.272552783217057559e-01 1.213731723243874285e+03
3.307450298455977267e-01 1.185554042610353463e+03
3.342719950265495843e-01 1.158121741315110057e+03
3.378365706997693563e-01 1.131536254192687238e+03
3.414391579321958137e-01 1.105870896943439902e+03
3.450801620676243742e-01 1.081143070538376151e+03
3.487599927723152859e-01 1.057324520188197084e+03
3.524790640810850917e-01 1.034386529441599123e+03
3.562377944438930855e-01 1.012295905321032706e+03
3.600366067729226516e-01 9.909496280091046856e+02
3.638759284901649238e-01 9.701648282375556391e+02
3.677561915755099831e-01 9.497581999558145753e+02
3.716778326153520329e-01 9.295741273318966478e+02
3.756412928517098293e-01 9.095144797381354920e+02
3.796470182318741893e-01 8.894905752765471334e+02
3.836954594585831879e-01 8.694516388701717915e+02
3.877870720407325944e-01 8.494916157107583103e+02
3.919223163446285962e-01 8.297328549640000119e+02
3.961016576457838112e-01 8.102931384413034266e+02
4.003255661812685773e-01 7.912831732972241525e+02
4.045945172026197412e-01 7.727848663410009067e+02
4.089089910293124408e-01 7.548329902329750212e+02
4.132694731028051516e-01 7.373660293032525033e+02
4.176764540411562754e-01 7.203151773752166491e+02
4.221304296942274825e-01 7.036383577378470591e+02
4.266319011994737509e-01 6.872990277014316689e+02
4.311813750383282073e-01 6.712630918284534118e+02
4.357793630931905415e-01 6.555376457950636677e+02
4.404263827050183266e-01 6.401630883146393671e+02
4.451229567315376223e-01 6.251794208880299948e+02
4.498696136060713613e-01 6.106250229128603451e+02
4.546668873969955671e-01 5.965328346311958967e+02
4.595153178678315631e-01 5.828931525102043452e+02
4.644154505379746722e-01 5.696280984280546136e+02
4.693678367440747845e-01 5.566558685605600658e+02
4.743730337020695131e-01 5.438998774314582079e+02
4.794316045698784334e-01 5.312870893289908736e+02
4.845441185107688953e-01 5.188005328794831712e+02
4.897111507573919109e-01 5.065163788392540027e+02
4.949332826765064364e-01 4.945177227724070121e+02
5.002111018343911031e-01 4.828852264808061250e+02
5.055452020629536136e-01 4.716920914286616835e+02
5.109361835265471274e-01 4.609161914788477930e+02
5.163846527894951910e-01 4.504544321976618448e+02
5.218912228843404222e-01 4.402038367673426364e+02
5.274565133808196693e-01 4.300643595963007897e+02
5.330811504555739155e-01 4.199738208676731119e+02
5.387657669626043644e-01 4.099867651880185235e+02
5.445110025044748170e-01 4.001796619606719219e+02
5.503175035042782159e-01 3.906266704037063278e+02
5.561859232783683549e-01 3.813883509657533182e+02
5.621169221098669677e-01 3.724397475975682710e+02
5.681111673229570780e-01 3.637191665212067733e+02
5.741693333579640512e-01 3.551665177111868275e+02
5.802921018472418924e-01 3.467266811756243214e+02
5.864801616918662308e-01 3.383826970164622026e+02
5.927342091391450962e-01 3.301411704115741941e+02
5.990549478609596967e-01 3.220088399660691607e+02
6.054430890329339787e-01 3.139971395762034945e+02
6.118993514144547285e-01 3.061606617349053181e+02
6.184244614295418829e-01 2.985749452456751669e+02
6.250191532485812607e-01 2.913133380123896927e+02
6.316841688709320390e-01 2.844106835283462260e+02
6.384202582084085309e-01 2.777438632858145979e+02
6.452281791696593549e-01 2.711510462066490277e+02
6.521086977454417788e-01 2.644772952533430725e+02
6.590625880948070003e-01 2.577027024582983472e+02
6.660906326322065807e-01 2.510202397012446625e+02
6.731936221155215838e-01 2.446363539167913643e+02
6.803723557350372930e-01 2.387121493133397507e+02
6.876276412033628382e-01 2.331165231670840683e+02
6.949602948463102781e-01 2.275936912635800411e+02
7.023711416947459041e-01 2.219023404587670427e+02
7.098610155774137676e-01 2.160215793537750528e+02
7.174307592147571855e-01 2.101773281622185436e+02
7.250812243137355617e-01 2.046015539026134888e+02
7.328132716636537314e-01 1.994251706662995218e+02
7.406277712330159302e-01 1.945682858585835220e+02
7.485256022674060539e-01 1.899258792283863215e+02
7.565076533884179666e-01 1.854022975131776150e+02
7.645748226936381897e-01 1.809240677422739907e+02
7.727280178576948488e-01 1.764239098445885645e+02
7.809681562343835370e-01 1.718726503345463357e+02
7.892961649598864149e-01 1.673768744076393489e+02
7.977129810570835478e-01 1.630712390547719224e+02
8.062195515409849023e-01 1.590262135630165403e+02
8.148168335252830019e-01 1.551117562592931165e+02
8.235057943300407857e-01 1.511615085216905072e+02
8.322874115905330994e-01 1.471143055762470055e+02
8.411626733672398215e-01 1.431356311147574161e+02
8.501325782570203771e-01 1.394099182307180058e+02
8.591981355054697511e-01 1.358924673687359075e+02
8.683603651204723217e-01 1.322624954033951497e+02
8.776202979869717202e-01 1.282508719378402304e+02
8.869789759829543874e-01 1.241541277757100232e+02
8.964374520966805759e-01 1.205670864635999919e+02
9.059967905451590253e-01 1.177940831364645220e+02
9.156580668938870682e-01 1.153139780345044869e+02
9.254223681778702693e-01 1.125038402701860178e+02
9.352907930239248158e-01 1.093149477134108167e+02
9.452644517742927466e-01 1.061696589073492021e+02
9.553444666115704642e-01 1.033570675994309624e+02
9.655319716849700695e-01 1.007379430191191716e+02
9.758281132379312828e-01 9.810969909073997997e+01
9.862340497370855052e-01 9.543758587685442762e+01
9.967509520026031078e-01 9.279375199472937652e+01
1.007380003339927610e+00 9.025081475063362291e+01
1.018122399672913847e+00 8.788068558010652964e+01
1.028979349678391442e+00 8.570503416412314834e+01
1.039952074922148029e+00 8.355767186730842866e+01
1.051041809996386300e+00 8.126125631518559089e+01
1.062249802658627562e+00 7.888765252350511048e+01
1.073577313972096547e+00 7.662153568283792993e+01
1.085025618447623907e+00 7.451921284076539109e+01
1.096596004187030626e+00 7.252910022573855997e+01
1.108289773028073411e+00 7.062764577315148529e+01
1.120108240690913970e+00 6.883031256082637128e+01
1.132052736926149938e+00 6.712515551761518395e+01
1.144124605664446959e+00 6.545160993875346378e+01
1.156325205167732628e+00 6.375559433740857429e+01
1.168655908182036685e+00 6.200231554544227208e+01
1.181118102091938571e+00 6.022470857746389328e+01
1.193713189076660575e+00 5.857251253912186684e+01
1.206442586267851169e+00 5.707172478066929244e+01
1.219307725909012818e+00 5.552941362130265901e+01
1.232310055516668390e+00 5.396369990940338113e+01
1.245451038043219327e+00 5.269063371555618858e+01
1.258732152041542873e+00 5.163265791070684685e+01
1.272154891831368539e+00 5.032720315238282893e+01
1.285720767667389408e+00 4.875869625626025083e+01
1.299431305909206857e+00 4.721706005781719995e+01
1.313288049193060747e+00 4.588510231067110823e+01
1.327292556605389917e+00 4.479709759569912109e+01
1.341446403858271186e+00 4.363271926783476573e+01
1.355751183466688659e+00 4.228997416264962084e+01
1.370208504927733939e+00 4.114312350775523441e+01
1.384819994901689721e+00 4.013665978448698013e+01
1.399587297395044949e+00 3.893670327334238834e+01
1.414512073945488613e+00 3.776282627270114034e+01
1.429596003808834448e+00 3.683757982433890987e+01
1.444840784147982893e+00 3.602241455737011933e+01
1.460248130223866569e+00 3.515667904195677806e+01
1.475819775588434579e+00 3.415805016758582724e+01
1.491557472279722907e+00 3.317773735336577801e+01
1.507462991018959864e+00 3.230056093867276701e+01
1.523538121409820034e+00 3.147725605076637123e+01
1.539784672139771438e+00 3.067094274666805376e+01
1.556204471183569860e+00 2.984284316984380325e+01
1.572799366008954980e+00 2.897458155399048252e+01
1.589571223784492338e+00 2.822668587782402838e+01
1.606521931589678820e+00 2.758833530703535786e+01
1.623653396627257939e+00 2.682063287291169118e+01
1.640967546437797298e+00 2.598976964762022845e+01
1.658466329116589311e+00 2.523082996797516842e+01
1.676151713532812781e+00 2.460491220564415471e+01
1.694025689551083458e+00 2.402588958139759967e+01
1.712090268255333170e+00 2.336019016156061312e+01
1.730347482175075058e+00 2.264231097774077028e+01
1.748799385514117954e+00 2.206146831073225911e+01
1.767448054381665523e+00 2.146582684271336916e+01
1.786295587025934717e+00 2.090511788394823256e+01
1.805344104070227607e+00 2.038491677354040021e+01
1.824595748751522750e+00 1.975016302437401094e+01
1.844052687161645609e+00 1.918597233774691802e+01
1.863717108490956065e+00 1.866742416946205552e+01
1.883591225274690917e+00 1.816369007838574134e+01
1.903677273641894763e+00 1.770004794666272829e+01
1.923977513567005859e+00 1.723938283461887977e+01
1.944494229124163809e+00 1.677723214669621399e+01
1.965229728744169346e+00 1.630267229438512899e+01
1.986186345474244552e+00 1.587506073469210044e+01
2.007366437240523105e+00 1.547881321931295062e+01
2.028772387113339626e+00 1.508053452244336334e+01
2.050406603575387177e+00 1.469360563399713016e+01
2.072271520792675403e+00 1.423458437401082577e+01
2.094369598888437434e+00 1.388008206372496289e+01
2.116703324219919580e+00 1.345523575644987879e+01
2.139275209658116683e+00 1.305658846807467910e+01
2.162087794870540591e+00 1.272762777677825952e+01
2.185143646606932943e+00 1.238362252394162866e+01
2.208445358988091911e+00 1.204164231456580225e+01
2.231995553797739618e+00 1.170796595115749561e+01
2.255796880777492408e+00 1.139083107740143141e+01
2.279852017925031671e+00 1.111583749916343500e+01
2.304163671795378399e+00 1.082443384120895047e+01
2.328734577805453565e+00 1.054851060950050190e+01
2.353567500541839497e+00 1.026713349964561495e+01
2.378665234071819512e+00 9.981505197029084897e+00
2.404030602257788196e+00 9.701505672038951644e+00
2.429666459074936391e+00 9.401732380305082515e+00
2.455575688932404521e+00 9.137472181273771810e+00
2.481761206997781688e+00 8.883389342560896296e+00
2.508225959525140158e+00 8.672421443632904570e+00
2.534972924186515097e+00 8.421281432687479196e+00
2.562005110406923247e+00 8.147319918707982112e+00
2.589325559703002266e+00 7.938764314114514775e+00
2.616937346025184130e+00 7.770926866383315534e+00
2.644843576103596217e+00 7.557314489604610941e+00
2.673047389797598594e+00 7.324669369849559075e+00
2.701551960449047662e+00 7.101102941282259273e+00
2.730360495239381624e+00 6.924100201815608813e+00
2.759476235550431422e+00 6.744628761459257049e+00
2.788902457329162754e+00 6.564522179918989231e+00
2.818642471456249687e+00 6.390975669709261453e+00
2.848699624118583795e+00 6.221571081703494599e+00
2.879077297185804962e+00 6.064414598733190331e+00
2.909778908590767710e+00 5.902783513967575502e+00
2.940807912714148653e+00 5.754238287652945871e+00
2.972167800773096946e+00 5.588157905203770426e+00
3.003862101214030744e+00 5.450506534292219207e+00
3.035894380109679602e+00 5.300276798731656136e+00
3.068268241560271559e+00 5.143308480181483233e+00
3.100987328099090501e+00 5.014058493356919222e+00
3.134055321102296787e+00 4.878573614497121902e+00
3.167475941203115486e+00 4.754108680792629826e+00
3.201252948710507251e+00 4.628770786314274410e+00
3.235390144032205928e+00 4.498829025319327712e+00
3.269891368102368023e+00 4.380938656026640565e+00
3.304760502813710588e+00 4.255401382602528315e+00
3.340001471454264514e+00 4.144235117186890527e+00
3.375618239148846733e+00 4.048613541672024141e+00
3.411614813305141158e+00 3.927886887749077793e+00
3.447995244064638865e+00 3.844130763576429466e+00
3.484763624758316691e+00 3.738315783881945631e+00
3.521924092367177295e+00 3.634243090331443327e+00
3.559480827987768770e+00 3.541760714737748561e+00
3.597438057302561720e+00 3.443039739279348144e+00
3.635800051055450677e+00 3.341622471431914931e+00
3.674571125532255955e+00 3.254134292688708907e+00
3.713755643046343202e+00 3.163876072319609989e+00
3.753358012429501844e+00 3.068096276429844949e+00
3.793382689527942997e+00 2.985763526311104865e+00
3.833834177703698831e+00 2.908473846028934329e+00
3.874717028341297276e+00 2.823241614116978937e+00
3.916035841359831071e+00 2.741866166785525749e+00
3.957795265730576162e+00 2.675881226655277167e+00
4.000000000000000000e+00 2.606864759016116917e+00
